-2.3748 -2.3785 -2.2573 -2.2717 -2.3585 -2.4719 -2.5472 -2.5958 -2.5981 -2.6124
-2.3711 -2.5033 -2.1216 -2.1993 -2.3320 -2.5099 -2.5740 -2.6421 -2.5861 -2.6267
-2.2353 -2.0912 -2.1586 -2.2644 -2.3614 -2.4549 -2.5634 -2.6379 -2.7095 -2.6815
-2.2435 -2.2253 -2.2691 -2.3076 -2.3604 -2.4729 -2.6060 -2.7257 -2.7457 -2.7085
-2.2700 -2.3307 -2.2745 -2.3212 -2.3756 -2.4705 -2.5970 -2.6729 -2.7171 -2.6982
-2.2358 -2.2578 -2.1707 -2.2835 -2.3503 -2.4363 -2.5376 -2.6365 -2.6867 -2.6690
-2.1795 -2.1659 -2.0960 -2.2919 -2.3057 -2.3855 -2.4499 -2.5612 -2.6518 -2.6220
-2.1369 -2.1580 -2.1159 -2.0682 -2.1952 -2.2881 -2.3627 -2.4604 -2.4843 -2.5453
-2.0732 -2.0087 -2.1672 -2.1474 -2.2574 -2.3670 -2.4208 -2.4946 -2.5262 -2.5295
-2.0741 -2.0750 -2.1421 -2.1842 -2.2631 -2.3478 -2.4131 -2.4708 -2.5047 -2.5171
