1.9424 1.9488 1.9125 1.8343 1.7445 1.8060 1.9160 2.0005 2.0184 2.0072
1.9360 1.9916 1.9542 1.8461 1.5931 1.7574 1.9417 2.0671 2.0474 1.9960
1.8740 1.9345 1.9308 1.7508 1.5509 1.6953 1.8308 1.8799 1.9601 1.9334
1.7515 1.7435 1.7352 1.6943 1.4603 1.5808 1.6549 1.7996 1.8712 1.8441
1.6371 1.5291 1.6034 1.5677 1.5308 1.5127 1.5522 1.7285 1.7239 1.7278
1.6306 1.6067 1.6544 1.7018 1.5827 1.3868 1.4745 1.5896 1.6158 1.6153
1.6479 1.6986 1.8760 2.0025 1.7115 1.4772 1.4389 1.4650 1.4648 1.5023
1.6145 1.6235 1.6665 1.8183 1.7834 1.6226 1.4963 1.3942 1.4079 1.4267
1.5721 1.5233 1.7353 1.7020 1.5820 1.4122 1.3904 1.3499 1.3230 1.3700
1.5785 1.5849 1.6528 1.6382 1.5599 1.4595 1.4063 1.3690 1.3508 1.3604
