-2.5052 -2.5083 -2.4847 -2.4616 -2.4721 -2.5144 -2.5670 -2.6079 -2.6295 -2.6459
-2.5020 -2.5350 -2.4843 -2.4280 -2.4401 -2.5042 -2.5787 -2.6273 -2.6348 -2.6622
-2.4659 -2.4784 -2.4295 -2.4395 -2.4211 -2.4540 -2.5638 -2.6406 -2.7257 -2.7060
-2.4173 -2.4427 -2.4017 -2.4421 -2.4104 -2.4940 -2.6130 -2.7454 -2.7605 -2.7300
-2.3434 -2.3456 -2.3334 -2.4381 -2.4345 -2.4986 -2.6123 -2.6865 -2.7452 -2.7234
-2.2672 -2.2655 -2.2493 -2.3407 -2.3909 -2.4537 -2.5482 -2.6439 -2.7244 -2.6949
-2.1927 -2.1862 -2.1910 -2.2844 -2.3347 -2.4102 -2.4671 -2.5693 -2.6388 -2.6369
-2.1246 -2.1175 -2.1313 -2.2413 -2.2534 -2.3175 -2.4238 -2.4922 -2.5394 -2.5771
-2.0636 -2.0030 -2.1069 -2.1932 -2.2743 -2.3725 -2.4384 -2.5152 -2.5472 -2.5549
-2.0633 -2.0629 -2.1225 -2.1976 -2.2772 -2.3597 -2.4294 -2.4902 -2.5259 -2.5404
