-0.0268 0.0119 0.8550 1.2669 1.4993 1.7123 1.8802 1.9866 2.0125 2.0036
-0.0655 -0.7924 1.2861 1.4463 1.5188 1.7574 1.9417 2.0671 2.0474 1.9946
0.6226 1.1333 1.3300 1.4429 1.5509 1.6953 1.8308 1.8799 1.9601 1.9329
0.8001 0.9803 1.1292 1.2614 1.3517 1.5273 1.6549 1.7996 1.8712 1.8439
0.7973 0.8208 0.9634 1.0469 1.1858 1.4073 1.5522 1.7285 1.7239 1.7275
0.7711 0.7276 0.8052 0.5399 0.9374 1.3638 1.4745 1.5896 1.6158 1.6147
0.7885 0.8413 0.8980 -0.6298 0.6600 1.2570 1.3755 1.4650 1.4648 1.5009
0.7530 0.9013 0.9341 1.0409 1.0752 1.1848 1.2626 1.3875 1.4079 1.4231
0.5691 0.3664 1.0306 0.9426 1.0894 1.2002 1.2124 1.2965 1.3230 1.3607
0.5878 0.6066 0.8656 0.9596 1.0705 1.1624 1.2165 1.2748 1.3112 1.3360
