1.2189 1.1932 1.1720 1.0861 0.9479 0.8014 0.6345 0.3682 -0.2206 -0.2208
1.2447 1.1887 1.2367 1.1383 0.9562 0.8219 0.7339 0.6907 -0.8092 -0.2210
1.3264 1.3198 1.4095 1.2945 1.0882 0.9042 0.7941 0.7670 0.6611 0.3670
1.4147 1.4302 1.5711 1.4479 1.2949 1.0905 0.9331 0.8193 0.7388 0.6608
1.4875 1.5281 1.6675 1.5956 1.4155 1.2298 1.0603 0.9631 0.9032 0.8766
1.5197 1.6134 1.7433 1.7184 1.5416 1.3530 1.1762 1.1155 1.1366 1.0659
1.4581 1.7174 1.8551 1.9932 1.6797 1.4345 1.2848 1.1237 1.2113 1.1844
1.1374 1.6194 1.7834 1.8984 1.7494 1.4946 1.1937 -1.8921 1.4113 1.2759
0.3346 -0.4770 1.7084 1.8225 1.6512 1.3765 1.1989 1.2232 1.1943 1.2321
0.3434 0.3521 1.1901 1.5099 1.5170 1.3899 1.2762 1.2398 1.2201 1.2261
