-2.4485 -2.4625 -2.4661 -2.5027 -2.5289 -2.5198 -2.4936 -2.4715 -2.4647 -2.4480
-2.4345 -2.4730 -2.4329 -2.5133 -2.5641 -2.5370 -2.4896 -2.4561 -2.4746 -2.4313
-2.3819 -2.3893 -2.3367 -2.4150 -2.5107 -2.5023 -2.3921 -2.3659 -2.3676 -2.3714
-2.3219 -2.3089 -2.2550 -2.3214 -2.4279 -2.3926 -2.3283 -2.3134 -2.3065 -2.3153
-2.2749 -2.2722 -2.2124 -2.2783 -2.3102 -2.3118 -2.2747 -2.2378 -2.2806 -2.2680
-2.2306 -2.2102 -2.1456 -2.1587 -2.2228 -2.2696 -2.2127 -2.1638 -2.2034 -2.2082
-2.2066 -2.1716 -2.0744 -1.9881 -2.1526 -2.2248 -2.1478 -2.0805 -2.1432 -2.1532
-2.2177 -2.2048 -2.1562 -2.0830 -2.1747 -2.1606 -2.0723 -2.0038 -2.0598 -2.1082
-2.2416 -2.2675 -2.1973 -2.1510 -2.2125 -2.2017 -2.1383 -2.0638 -2.1154 -2.1115
-2.2396 -2.2377 -2.2058 -2.1826 -2.1909 -2.1776 -2.1402 -2.1048 -2.1104 -2.1109
