-2.4768 -2.4773 -2.4555 -2.4101 -2.3511 -2.2592 -2.1782 -2.1048 -2.0500 -2.0513
-2.4762 -2.4997 -2.4791 -2.4237 -2.3840 -2.2482 -2.1706 -2.0864 -1.9938 -2.0526
-2.4521 -2.4729 -2.4233 -2.3888 -2.3459 -2.2565 -2.2196 -2.1508 -2.1010 -2.1127
-2.4073 -2.4369 -2.3925 -2.4357 -2.4011 -2.3453 -2.3222 -2.2407 -2.1520 -2.1845
-2.3327 -2.3511 -2.3322 -2.4321 -2.4019 -2.4014 -2.4055 -2.3218 -2.2864 -2.2887
-2.2399 -2.2344 -2.2504 -2.3206 -2.3731 -2.4528 -2.4637 -2.4348 -2.4423 -2.3953
-2.1524 -2.1175 -2.1450 -2.2268 -2.3169 -2.4119 -2.4584 -2.4506 -2.4695 -2.4549
-2.0998 -2.0981 -2.0938 -2.1978 -2.2559 -2.3184 -2.4256 -2.5016 -2.5389 -2.4998
-2.0490 -1.9986 -2.0871 -2.1237 -2.2496 -2.3425 -2.3999 -2.4868 -2.5187 -2.5057
-2.0484 -2.0479 -2.0965 -2.1547 -2.2438 -2.3271 -2.3949 -2.4578 -2.4917 -2.4987
