-2.4498 -2.4629 -2.4662 -2.5024 -2.5297 -2.5195 -2.4942 -2.4777 -2.4732 -2.4573
-2.4367 -2.4727 -2.4334 -2.5114 -2.5671 -2.5345 -2.4854 -2.4658 -2.4845 -2.4415
-2.3875 -2.3963 -2.3371 -2.4183 -2.5132 -2.4988 -2.3937 -2.3682 -2.3864 -2.3827
-2.3297 -2.3226 -2.2557 -2.3204 -2.4275 -2.3897 -2.3243 -2.3118 -2.3094 -2.3202
-2.2789 -2.2758 -2.2074 -2.2735 -2.3068 -2.3081 -2.2752 -2.2371 -2.2784 -2.2684
-2.2312 -2.2122 -2.1418 -2.1559 -2.2181 -2.2607 -2.2109 -2.1635 -2.2005 -2.2066
-2.2026 -2.1674 -2.0704 -1.9900 -2.1489 -2.2173 -2.1420 -2.0774 -2.1370 -2.1509
-2.2092 -2.1897 -2.1406 -2.0769 -2.1701 -2.1535 -2.0687 -2.0025 -2.0592 -2.1092
-2.2353 -2.2627 -2.1929 -2.1449 -2.2111 -2.1947 -2.1334 -2.0719 -2.1258 -2.1175
-2.2339 -2.2326 -2.2011 -2.1778 -2.1875 -2.1737 -2.1389 -2.1095 -2.1176 -2.1176
