-2.0175 -2.0193 -2.1078 -2.1833 -2.2462 -2.2167 -2.1557 -2.0797 -1.9971 -1.9993
-2.0157 -1.9327 -2.1207 -2.1960 -2.3386 -2.2482 -2.1706 -2.0864 -1.9122 -2.0015
-2.0969 -2.0861 -2.1568 -2.2669 -2.3459 -2.2565 -2.2196 -2.1508 -2.1010 -2.0931
-2.1890 -2.2222 -2.2669 -2.3094 -2.3633 -2.3301 -2.3222 -2.2407 -2.1520 -2.1768
-2.2478 -2.3404 -2.2743 -2.3227 -2.3360 -2.3783 -2.4055 -2.3218 -2.2864 -2.2852
-2.2140 -2.2344 -2.1697 -2.1587 -2.2799 -2.4415 -2.4637 -2.4348 -2.4423 -2.3923
-2.1597 -2.1175 -2.0980 -1.8624 -2.1832 -2.3932 -2.4537 -2.4506 -2.4695 -2.4494
-2.1477 -2.0665 -2.0938 -2.0655 -2.1974 -2.2898 -2.3680 -2.4621 -2.5100 -2.4865
-2.2168 -2.2833 -2.0871 -2.1237 -2.2496 -2.3425 -2.3999 -2.4868 -2.5187 -2.5002
-2.2193 -2.2219 -2.1630 -2.1800 -2.2534 -2.3307 -2.3962 -2.4579 -2.4907 -2.4954
