1.1653 1.2041 1.3103 1.4408 1.5658 1.7377 1.8899 1.9904 2.0141 2.0046
1.1265 1.1367 1.2861 1.4463 1.5188 1.7574 1.9417 2.0671 2.0474 1.9950
1.0775 1.1333 1.3300 1.4429 1.5509 1.6953 1.8308 1.8799 1.9601 1.9330
0.9726 0.9803 1.1292 1.2614 1.3517 1.5273 1.6549 1.7996 1.8712 1.8439
0.8599 0.8208 0.9634 1.0469 1.1858 1.4073 1.5522 1.7285 1.7239 1.7275
0.7865 0.7276 0.8052 0.5399 0.9374 1.3638 1.4745 1.5896 1.6158 1.6147
0.7719 0.8413 0.8980 -0.6298 0.6600 1.2570 1.3755 1.4650 1.4648 1.5009
0.6879 0.9013 0.9341 1.0409 1.0752 1.1848 1.2626 -0.6687 1.4079 1.4231
0.3905 0.0749 1.0306 0.9426 1.0894 1.2002 1.2124 1.2965 1.3230 1.3606
0.4087 0.4268 0.7969 0.9333 1.0604 1.1586 1.2151 1.2742 1.3110 1.3358
