-2.3743 -2.4063 -1.5805 -1.3162 -1.3011 -1.3562 -1.4816 -1.8665 -2.7569 -2.7739
-2.3424 -3.2640 -1.0191 -1.0669 -1.2311 -1.2857 -1.2222 -1.3611 -3.6302 -2.7909
-1.3888 -0.9028 -0.8937 -0.9859 -1.0714 -1.1855 -1.2123 -1.3953 -1.5140 -1.9686
-0.9214 -0.6980 -0.6683 -0.8057 -0.9786 -1.1302 -1.3088 -1.4654 -1.4081 -1.6010
-0.6773 -0.5931 -0.5064 -0.6479 -0.9724 -1.0481 -1.1797 -1.2855 -1.3999 -1.4263
-0.5175 -0.4914 -0.4556 -1.4417 -1.2151 -0.9099 -0.9906 -1.1028 -1.2466 -1.2780
-0.3837 -0.2887 -0.3674 -3.4481 -1.5366 -0.8180 -0.9052 -0.9860 -1.1134 -1.1612
-0.3448 -0.1614 -0.3105 -0.5885 -0.6650 -0.7122 -0.8145 -0.9231 -0.9935 -1.0921
-0.4893 -0.6268 -0.1687 -0.4303 -0.6721 -0.8167 -0.8954 -1.0201 -1.1659 -1.1215
-0.4964 -0.5034 -0.3870 -0.4889 -0.6493 -0.7869 -0.8949 -1.0022 -1.0916 -1.1065
