-2.4652 -2.4785 -2.4794 -2.5154 -2.5401 -2.5305 -2.5045 -2.4842 -2.4786 -2.4622
-2.4519 -2.4909 -2.4444 -2.5265 -2.5746 -2.5468 -2.4988 -2.4696 -2.4895 -2.4458
-2.3995 -2.4062 -2.3460 -2.4269 -2.5213 -2.5085 -2.4042 -2.3812 -2.3825 -2.3857
-2.3406 -2.3326 -2.2658 -2.3312 -2.4395 -2.4006 -2.3382 -2.3258 -2.3225 -2.3289
-2.2896 -2.2848 -2.2200 -2.2844 -2.3166 -2.3162 -2.2800 -2.2433 -2.2877 -2.2783
-2.2433 -2.2233 -2.1571 -2.1647 -2.2262 -2.2676 -2.2163 -2.1697 -2.2128 -2.2184
-2.2170 -2.1825 -2.0820 -1.9911 -2.1561 -2.2279 -2.1505 -2.0908 -2.1553 -2.1641
-2.2252 -2.2083 -2.1602 -2.0874 -2.1791 -2.1644 -2.0792 -1.9980 -2.0663 -2.1187
-2.2503 -2.2773 -2.2030 -2.1609 -2.2169 -2.2100 -2.1475 -2.0774 -2.1326 -2.1256
-2.2483 -2.2463 -2.2134 -2.1907 -2.1979 -2.1861 -2.1505 -2.1177 -2.1253 -2.1254
