-0.7356 -0.7653 0.4305 0.8496 0.9598 0.9257 0.8592 0.7997 0.7244 0.7174
-0.7058 -1.9908 1.2071 1.1586 1.1040 0.9583 0.8520 0.8155 0.6562 0.7104
0.6088 1.4036 1.4183 1.2877 1.1465 1.0093 0.9143 0.7931 0.7382 0.7576
1.1287 1.4247 1.5723 1.4641 1.3051 1.1621 1.0529 0.9307 0.7763 0.8242
1.3525 1.5104 1.6034 1.5677 1.4267 1.2812 1.1491 1.0548 0.9348 0.9386
1.4185 1.6067 1.6544 1.6944 1.5530 1.3868 1.2910 1.2288 1.0715 1.0569
1.2962 1.6986 1.8760 2.0025 1.7040 1.4772 1.4389 1.3503 1.2319 1.1607
0.7715 1.6235 1.6665 1.8183 1.7834 1.6226 1.4963 1.3942 1.2276 1.1932
-0.6052 -1.9904 1.7353 1.7020 1.5820 1.4122 1.3904 1.3499 1.1685 1.1913
-0.5967 -0.5882 0.8224 1.3203 1.4364 1.4068 1.3718 1.3182 1.2330 1.2121
