-2.0474 -2.0512 -2.1323 -2.2240 -2.3403 -2.4649 -2.5445 -2.5948 -2.5976 -2.6121
-2.0437 -1.9738 -2.1216 -2.1993 -2.3320 -2.5099 -2.5740 -2.6421 -2.5861 -2.6265
-2.1099 -2.0912 -2.1586 -2.2644 -2.3614 -2.4549 -2.5634 -2.6379 -2.7095 -2.6815
-2.1948 -2.2253 -2.2691 -2.3076 -2.3604 -2.4721 -2.6060 -2.7257 -2.7457 -2.7085
-2.2493 -2.3307 -2.2745 -2.3212 -2.3625 -2.4670 -2.5970 -2.6729 -2.7171 -2.6982
-2.2223 -2.2578 -2.1707 -2.1924 -2.3014 -2.4363 -2.5376 -2.6365 -2.6867 -2.6690
-2.1599 -2.1659 -2.0960 -1.9761 -2.2146 -2.3855 -2.4499 -2.5612 -2.6518 -2.6220
-2.0914 -2.0709 -2.1159 -2.0682 -2.1952 -2.2881 -2.3627 -2.4604 -2.4843 -2.5453
-2.0435 -1.9929 -2.1025 -2.1474 -2.2574 -2.3670 -2.4208 -2.4946 -2.5262 -2.5295
-2.0461 -2.0488 -2.1074 -2.1710 -2.2581 -2.3458 -2.4124 -2.4705 -2.5046 -2.5170
