1.9314 1.9359 1.8846 1.7638 1.5607 1.3252 1.0259 0.5016 -0.6127 -0.6474
1.9269 1.9916 1.9542 1.8461 1.5931 1.3889 1.2510 1.0915 -1.6923 -0.6821
1.8577 1.9345 1.9308 1.7508 1.5263 1.4677 1.3055 1.1157 0.9753 0.2935
1.7118 1.7435 1.7352 1.6943 1.4603 1.2073 0.9908 0.9226 0.8468 0.5871
1.5343 1.5291 1.4746 1.5187 1.0932 0.9104 0.8227 0.7964 0.7201 0.6211
1.3620 1.3285 1.2836 0.3234 0.4835 0.5182 0.5958 0.6324 0.5802 0.5561
1.2233 1.1830 1.2253 -1.9920 -0.0010 0.6088 0.5283 0.4476 0.4120 0.4671
1.1248 1.0145 1.0459 1.0135 0.8957 0.8237 0.6398 0.4898 0.4393 0.4331
1.1365 1.1766 0.8959 0.9225 0.7813 0.7234 0.5652 0.4169 0.3476 0.3930
1.1082 1.0799 0.9548 0.8886 0.7886 0.6958 0.5754 0.4654 0.4038 0.3984
