1.2104 1.2214 1.3169 1.4433 1.5667 1.7380 1.8900 1.9904 2.0141 2.0046
1.1995 1.1367 1.2861 1.4463 1.5188 1.7574 1.9417 2.0671 2.0474 1.9950
1.2513 1.2190 1.3300 1.4429 1.5509 1.6953 1.8308 1.8799 1.9601 1.9330
1.3353 1.3163 1.3393 1.2614 1.3517 1.5409 1.6549 1.7996 1.8712 1.8440
1.4383 1.3980 1.4763 1.3280 1.3903 1.4618 1.5522 1.7285 1.7239 1.7276
1.5815 1.5724 1.5379 1.4709 1.4197 1.3638 1.4745 1.5896 1.6158 1.6149
1.7337 1.7775 1.5991 1.5980 1.4538 1.3266 1.3755 1.4650 1.4648 1.5014
1.8421 1.8604 1.7366 1.5562 1.4710 1.3747 1.3301 1.3875 1.4079 1.4246
1.9321 2.0326 1.7628 1.7088 1.4725 1.3280 1.2492 1.2965 1.3230 1.3645
1.9218 1.9114 1.7798 1.6652 1.5071 1.3834 1.3152 1.3130 1.3273 1.3459
