-2.4517 -2.4583 -2.4324 -2.3945 -2.3274 -2.2036 -2.0352 -1.7315 -1.0728 -1.0723
-2.4451 -2.4909 -2.4444 -2.4237 -2.3840 -2.2482 -2.1706 -2.0864 -0.4147 -1.0718
-2.3927 -2.4062 -2.3460 -2.3888 -2.3459 -2.2565 -2.2196 -2.1508 -2.1010 -1.7284
-2.3269 -2.3326 -2.2658 -2.3312 -2.4011 -2.3174 -2.3222 -2.2407 -2.1520 -2.0125
-2.2553 -2.2848 -2.2200 -2.2844 -2.2942 -2.2898 -2.2800 -2.2433 -2.2864 -2.1570
-2.1541 -2.2233 -2.1571 -2.1263 -2.2015 -2.2676 -2.2163 -2.1697 -2.2128 -2.1720
-1.9837 -2.1175 -2.0820 -1.8624 -2.1177 -2.2279 -2.1505 -2.0908 -2.1553 -2.1463
-1.6796 -2.0981 -2.0938 -2.0874 -2.1791 -2.1644 -2.0792 -1.9212 -2.0663 -2.1116
-0.9568 -0.2357 -2.0871 -2.1237 -2.2169 -2.2100 -2.1475 -2.0774 -2.1326 -2.1222
-0.9552 -0.9536 -1.6699 -1.9689 -2.1132 -2.1537 -2.1380 -2.1127 -2.1226 -2.1224
