1.0846 1.0510 1.0092 0.9395 0.8365 0.7155 0.6029 0.5304 0.4682 0.4644
1.1182 1.0591 1.0372 0.9729 0.8543 0.7071 0.5628 0.5201 0.4097 0.4607
1.2109 1.1948 1.2039 1.1117 0.9711 0.8786 0.6277 0.5984 0.4858 0.5081
1.3197 1.3163 1.3393 1.2287 1.1089 0.9351 0.7038 0.6013 0.5382 0.5777
1.4320 1.3980 1.4763 1.3280 1.1938 1.0492 0.8992 0.8015 0.6893 0.6867
1.5783 1.5724 1.5379 1.4166 1.2892 1.1687 1.0561 0.9405 0.8189 0.7930
1.7304 1.7775 1.5896 1.5112 1.3776 1.2775 1.1303 1.0302 0.9151 0.8736
1.8353 1.8604 1.7366 1.3791 1.4326 1.3747 1.2626 1.1418 0.9298 0.9126
1.9151 2.0077 1.7628 1.6674 1.4164 1.2513 1.1470 1.0329 0.9317 0.9344
1.9022 1.8894 1.7582 1.6223 1.4415 1.2857 1.1644 1.0603 0.9837 0.9591
