1.2621 1.2609 1.3320 1.4491 1.5689 1.7389 1.8905 1.9909 2.0150 2.0068
1.2632 1.1887 1.2861 1.4463 1.5188 1.7574 1.9417 2.0671 2.0474 1.9987
1.3389 1.3198 1.4095 1.4429 1.5509 1.6953 1.8308 1.8799 1.9601 1.9417
1.4335 1.4302 1.5711 1.4479 1.3517 1.5658 1.6549 1.7996 1.8712 1.8663
1.5315 1.5281 1.6675 1.5956 1.5400 1.5615 1.5909 1.7285 1.7239 1.7860
1.6330 1.6134 1.7433 1.7458 1.6513 1.5493 1.6473 1.8344 1.7250 1.7677
1.7540 1.7775 1.8551 1.9932 1.7699 1.6694 1.7802 1.9002 1.7843 1.7922
1.8515 1.8604 1.7834 1.8984 1.7658 1.7645 1.8360 2.0152 1.8775 1.8245
1.9402 2.0326 1.7628 1.8225 1.6512 1.7035 1.7432 1.8966 1.7836 1.8038
1.9365 1.9328 1.8293 1.7922 1.7249 1.7312 1.7653 1.8216 1.8028 1.8033
