-2.5001 -2.4984 -2.4748 -2.4315 -2.3736 -2.2748 -2.1832 -2.1065 -2.0587 -2.0614
-2.5018 -2.5203 -2.4945 -2.4460 -2.4145 -2.2677 -2.1683 -2.0776 -2.0082 -2.0641
-2.4850 -2.5119 -2.4553 -2.4220 -2.3713 -2.2790 -2.2358 -2.1694 -2.1060 -2.1227
-2.4413 -2.4722 -2.4260 -2.4651 -2.4394 -2.3703 -2.3359 -2.2640 -2.1678 -2.1979
-2.3666 -2.3821 -2.3639 -2.4701 -2.4351 -2.4271 -2.4257 -2.3383 -2.3059 -2.3033
-2.2764 -2.2745 -2.2905 -2.3546 -2.4038 -2.4771 -2.4880 -2.4603 -2.4474 -2.4060
-2.1881 -2.1570 -2.1847 -2.2538 -2.3484 -2.4424 -2.4911 -2.4673 -2.4898 -2.4674
-2.1308 -2.1429 -2.1350 -2.2302 -2.2936 -2.3561 -2.4632 -2.5130 -2.5387 -2.5064
-2.0615 -1.9943 -2.1149 -2.1522 -2.2870 -2.3920 -2.4430 -2.5152 -2.5232 -2.5129
-2.0595 -2.0575 -2.1186 -2.1834 -2.2794 -2.3677 -2.4316 -2.4841 -2.5055 -2.5092
