1.9375 1.9399 1.8905 1.7774 1.5955 1.4162 1.2641 1.1252 1.0198 0.9915
1.9352 1.9916 1.9542 1.8461 1.5931 1.3889 1.2510 1.0915 0.9429 0.9631
1.8764 1.9345 1.9308 1.7508 1.5263 1.4677 1.3055 1.1157 0.9753 0.9550
1.7595 1.7435 1.7352 1.6943 1.4603 1.3295 1.0529 0.9307 0.8468 0.9265
1.6586 1.5291 1.6034 1.5677 1.4836 1.3373 1.1491 1.0548 0.9348 0.9777
1.6873 1.6067 1.6544 1.6985 1.5692 1.3868 1.2910 1.2288 1.0715 1.0719
1.7966 1.8089 1.8760 2.0025 1.7081 1.4772 1.4389 1.3503 1.2319 1.1665
1.8936 1.9362 1.7871 1.8183 1.7834 1.6226 1.4963 1.3942 1.2276 1.1957
1.9479 2.0077 1.9289 1.7020 1.5820 1.4122 1.3904 1.3499 1.1685 1.1931
1.9425 1.9371 1.8610 1.7169 1.5879 1.4647 1.3940 1.3269 1.2368 1.2149
