-0.7845 -0.8170 0.3208 0.7008 0.7510 0.6857 0.5988 0.5480 0.5251 0.5222
-0.7520 -1.9874 1.0785 1.0307 0.8665 0.7071 0.5628 0.5201 0.5052 0.5193
0.5159 1.1948 1.2039 1.1117 0.9711 0.8786 0.6277 0.5984 0.4858 0.5304
1.1049 1.3996 1.4293 1.2919 1.1190 0.9310 0.7038 0.6013 0.5382 0.5862
1.3990 1.5045 1.5912 1.4498 1.0920 1.0227 0.8992 0.8015 0.6893 0.6899
1.5878 1.6062 1.6420 0.4703 0.7765 1.1687 1.0561 0.9405 0.8189 0.7943
1.7582 1.8089 1.7302 -1.9870 0.3749 1.2775 1.1303 1.0302 0.9151 0.8741
1.8779 1.9362 1.7871 1.3791 1.4326 1.3854 1.2626 1.1418 0.9298 0.9128
1.9392 2.0077 1.9289 1.6674 1.4164 1.2513 1.1470 1.0329 0.9317 0.9346
1.9321 1.9250 1.8352 1.6518 1.4527 1.2900 1.1660 1.0610 0.9840 0.9593
