-2.0496 -2.0536 -2.1325 -2.2233 -2.3413 -2.4621 -2.5407 -2.5829 -2.5818 -2.5968
-2.0456 -1.9786 -2.1207 -2.1960 -2.3386 -2.5043 -2.5772 -2.6261 -2.5657 -2.6117
-2.1085 -2.0861 -2.1568 -2.2669 -2.3655 -2.4541 -2.5643 -2.6359 -2.6961 -2.6727
-2.1938 -2.2222 -2.2669 -2.3094 -2.3633 -2.4710 -2.5975 -2.7265 -2.7424 -2.7102
-2.2508 -2.3404 -2.2743 -2.3227 -2.3649 -2.4693 -2.5997 -2.6771 -2.7439 -2.7156
-2.2183 -2.2482 -2.1697 -2.1934 -2.3044 -2.4415 -2.5388 -2.6424 -2.7259 -2.6926
-2.1559 -2.1619 -2.0980 -1.9766 -2.2179 -2.3932 -2.4537 -2.5612 -2.6537 -2.6364
-2.0875 -2.0665 -2.1090 -2.0655 -2.1974 -2.2898 -2.3680 -2.4621 -2.5100 -2.5629
-2.0400 -1.9898 -2.0959 -2.1467 -2.2571 -2.3731 -2.4284 -2.5033 -2.5356 -2.5422
-2.0427 -2.0454 -2.1037 -2.1699 -2.2591 -2.3505 -2.4193 -2.4789 -2.5142 -2.5282
