1.2266 1.2043 1.1977 1.1521 1.1203 1.1758 1.2421 1.2723 1.2936 1.3177
1.2489 1.1887 1.2367 1.1383 1.0330 1.1650 1.2782 1.2811 1.2908 1.3419
1.3314 1.3198 1.4095 1.2945 1.1180 1.2912 1.3925 1.3692 1.3960 1.4171
1.4253 1.4302 1.5711 1.4479 1.2949 1.3971 1.4901 1.5294 1.5179 1.5133
1.5144 1.5281 1.6675 1.5956 1.5114 1.5122 1.5909 1.6724 1.6027 1.6048
1.5898 1.6134 1.7433 1.7438 1.6431 1.5493 1.6473 1.8344 1.7250 1.6985
1.6416 1.7174 1.8551 1.9932 1.7679 1.6694 1.7802 1.9002 1.7843 1.7657
1.6175 1.6194 1.7834 1.8984 1.7658 1.7645 1.8360 2.0152 1.8775 1.8142
1.5915 1.5540 1.7084 1.8225 1.6512 1.7035 1.7432 1.8966 1.7836 1.7994
1.6031 1.6147 1.6870 1.7378 1.7041 1.7233 1.7621 1.8200 1.8013 1.8004
