-2.4790 -2.4786 -2.4588 -2.4205 -2.3722 -2.2884 -2.2283 -2.2441 -2.4352 -2.4380
-2.4794 -2.4980 -2.4774 -2.4305 -2.4077 -2.2646 -2.1525 -2.0687 -2.6234 -2.4409
-2.4611 -2.4894 -2.4324 -2.4022 -2.3626 -2.2733 -2.2177 -2.1519 -2.0941 -2.2612
-2.4144 -2.4392 -2.3941 -2.4467 -2.4066 -2.3526 -2.3239 -2.2494 -2.1683 -2.2487
-2.3431 -2.3618 -2.3414 -2.4412 -2.4088 -2.4064 -2.4071 -2.3314 -2.2942 -2.3167
-2.2531 -2.2520 -2.2589 -2.3298 -2.3811 -2.4573 -2.4648 -2.4447 -2.4453 -2.4071
-2.1643 -2.1343 -2.1614 -2.2381 -2.3283 -2.4211 -2.4649 -2.4564 -2.4643 -2.4593
-2.1054 -2.1036 -2.1017 -2.2087 -2.2728 -2.3324 -2.4364 -2.5037 -2.5446 -2.5066
-2.0483 -1.9925 -2.0851 -2.1311 -2.2705 -2.3656 -2.4180 -2.4944 -2.5312 -2.5158
-2.0471 -2.0458 -2.0979 -2.1629 -2.2596 -2.3454 -2.4110 -2.4696 -2.5035 -2.5096
