-2.0176 -2.0188 -2.1114 -2.1861 -2.2480 -2.2212 -2.1611 -2.0851 -2.0068 -2.0092
-2.0165 -1.9274 -2.1292 -2.1991 -2.3366 -2.2545 -2.1769 -2.0874 -1.9261 -2.0115
-2.1044 -2.1002 -2.1717 -2.2711 -2.3543 -2.2616 -2.2263 -2.1556 -2.1052 -2.0994
-2.1966 -2.2338 -2.2820 -2.3162 -2.3594 -2.3323 -2.3259 -2.2479 -2.1546 -2.1814
-2.2516 -2.3432 -2.2791 -2.3232 -2.3334 -2.3824 -2.4110 -2.3197 -2.2909 -2.2902
-2.2151 -2.2328 -2.1748 -2.1315 -2.2688 -2.4527 -2.4639 -2.4422 -2.4550 -2.3983
-2.1610 -2.1134 -2.1028 -1.7591 -2.1574 -2.4027 -2.4566 -2.4536 -2.4716 -2.4496
-2.1544 -2.0766 -2.1039 -2.0764 -2.1991 -2.2934 -2.3748 -2.4682 -2.4948 -2.4790
-2.2257 -2.2945 -2.0943 -2.1277 -2.2434 -2.3391 -2.3969 -2.4822 -2.5102 -2.4924
-2.2281 -2.2306 -2.1692 -2.1827 -2.2512 -2.3276 -2.3924 -2.4528 -2.4837 -2.4880
