1.0899 1.0560 1.0191 0.9640 0.9000 0.8368 0.7515 0.4953 -0.0492 -0.0666
1.1238 1.0591 1.0372 0.9729 0.8992 0.8589 0.9225 0.7836 -0.5762 -0.0840
1.2223 1.2190 1.2135 1.1166 1.0732 0.9592 0.9323 0.7494 0.6307 0.3908
1.3242 1.3163 1.3393 1.2287 1.1089 0.9943 0.8359 0.6793 0.7365 0.6256
1.4340 1.3980 1.4763 1.3280 1.0988 1.0732 0.9649 0.8591 0.7448 0.7497
1.5798 1.5724 1.5379 0.6119 0.8851 1.2347 1.1541 1.0418 0.8980 0.8786
1.7330 1.7775 1.5991 -1.3034 0.5948 1.3266 1.2395 1.1586 1.0312 0.9881
1.8418 1.8604 1.7366 1.5562 1.4710 1.3747 1.3301 -1.3192 1.1511 1.0543
1.9319 2.0326 1.7628 1.7088 1.4725 1.3280 1.2492 1.1245 0.9786 1.0238
1.9213 1.9108 1.7784 1.6616 1.4976 1.3585 1.2501 1.1426 1.0532 1.0385
