1.0892 1.0549 1.0163 0.9568 0.8812 0.7875 0.6225 0.1576 -0.9333 -0.9507
1.1235 1.0591 1.0372 0.9729 0.8992 0.8589 0.9225 0.7836 -2.0067 -0.9681
1.2222 1.2190 1.2135 1.1166 1.0732 0.9592 0.9323 0.7494 0.6307 0.0531
1.3242 1.3163 1.3393 1.2287 1.1089 1.0023 0.8359 0.6793 0.7365 0.4967
1.4340 1.3980 1.4763 1.3280 1.2190 1.1052 0.9649 0.8591 0.7448 0.7004
1.5798 1.5724 1.5379 1.4495 1.3339 1.2347 1.1541 1.0418 0.8980 0.8598
1.7330 1.7775 1.5991 1.5980 1.4324 1.3266 1.2395 1.1586 1.0312 0.9808
1.8418 1.8604 1.7366 1.5562 1.4710 1.3747 1.3301 1.2215 1.1511 1.0515
1.9319 2.0326 1.7628 1.7088 1.4725 1.3280 1.2492 1.1245 0.9786 1.0226
1.9213 1.9108 1.7784 1.6616 1.4975 1.3585 1.2501 1.1425 1.0530 1.0378
