1.9311 1.9374 1.8896 1.7770 1.5953 1.4159 1.2635 1.1237 1.0159 0.9812
1.9248 1.9916 1.9542 1.8461 1.5931 1.3889 1.2510 1.0915 0.9429 0.9465
1.8517 1.9345 1.9308 1.7508 1.5263 1.4677 1.3055 1.1157 0.9753 0.9155
1.6960 1.7435 1.7352 1.6943 1.4603 1.2073 0.9908 0.9226 0.8468 0.8247
1.4927 1.5291 1.4746 1.5187 1.0932 0.9104 0.8227 0.7964 0.7201 0.7119
1.2529 1.3285 1.2836 0.3234 0.4835 0.5182 0.5958 0.6324 0.5802 0.5908
0.9375 1.1830 1.2253 -1.9920 -0.0010 0.6088 0.5283 0.4476 0.4120 0.4803
0.3767 1.0145 1.0459 1.0135 0.8957 0.8237 0.6398 0.4898 0.4393 0.4380
-0.8221 -1.9925 0.8959 0.9225 0.7813 0.7234 0.5652 0.4169 0.3476 0.3946
-0.8504 -0.8787 0.2067 0.6029 0.6794 0.6541 0.5595 0.4594 0.4017 0.3981
