0.7580 0.7668 0.8509 0.9499 1.0431 1.1463 1.2308 1.2679 1.2918 1.3166
0.7493 0.6914 0.8360 0.9556 1.0330 1.1650 1.2782 1.2811 1.2908 1.3414
0.7984 0.7263 0.8529 1.0023 1.1180 1.2912 1.3925 1.3692 1.3960 1.4169
0.9197 0.9364 1.0155 0.9000 0.9453 1.2716 1.4901 1.5294 1.5179 1.5132
1.0241 1.0387 1.1631 0.9475 1.0273 1.3598 1.5909 1.6724 1.6027 1.6048
1.1140 1.1497 1.2710 0.2726 0.8565 1.5493 1.6473 1.8344 1.7250 1.6984
1.1680 1.1742 1.2670 -1.9847 0.5767 1.6694 1.7802 1.9002 1.7843 1.7655
1.2158 1.2753 1.3704 1.4534 1.7658 1.7645 1.8360 2.0152 1.8775 1.8138
1.2041 1.1791 1.2484 1.3971 1.5360 1.7035 1.7432 1.8966 1.7836 1.7984
1.2175 1.2309 1.2962 1.4093 1.5346 1.6585 1.7374 1.8104 1.7973 1.7979
