-2.0514 -2.0546 -2.1365 -2.2258 -2.3417 -2.4628 -2.5424 -2.5857 -2.5874 -2.6048
-2.0482 -1.9758 -2.1292 -2.1991 -2.3366 -2.5042 -2.5787 -2.6273 -2.5715 -2.6223
-2.1173 -2.1002 -2.1717 -2.2711 -2.3612 -2.4540 -2.5638 -2.6406 -2.7257 -2.6906
-2.2036 -2.2338 -2.2820 -2.3162 -2.3594 -2.4758 -2.6130 -2.7454 -2.7605 -2.7237
-2.2598 -2.3432 -2.2791 -2.3232 -2.3673 -2.4771 -2.6123 -2.6865 -2.7452 -2.7200
-2.2325 -2.2655 -2.1748 -2.1963 -2.3097 -2.4527 -2.5482 -2.6439 -2.7244 -2.6911
-2.1724 -2.1862 -2.1028 -1.9776 -2.2223 -2.4027 -2.4671 -2.5693 -2.6388 -2.6288
-2.0984 -2.0766 -2.1179 -2.0764 -2.1991 -2.2934 -2.3748 -2.4682 -2.4948 -2.5566
-2.0463 -1.9919 -2.1069 -2.1562 -2.2599 -2.3725 -2.4384 -2.5152 -2.5472 -2.5463
-2.0485 -2.0507 -2.1116 -2.1772 -2.2639 -2.3545 -2.4272 -2.4887 -2.5236 -2.5349
