1.2207 1.1948 1.1749 1.0932 0.9664 0.8498 0.7611 0.6997 0.6474 0.6472
1.2466 1.1887 1.2367 1.1383 0.9562 0.8219 0.7339 0.6907 0.5952 0.6470
1.3305 1.3198 1.4095 1.2945 1.0882 0.9042 0.7941 0.7670 0.6611 0.6985
1.4250 1.4302 1.5711 1.4479 1.2949 1.0905 0.9331 0.8193 0.7388 0.7874
1.5142 1.5281 1.6675 1.5956 1.4155 1.2298 1.0603 0.9631 0.9032 0.9250
1.5896 1.6134 1.7433 1.7184 1.5416 1.3530 1.1762 1.1155 1.1366 1.0844
1.6413 1.7174 1.8551 1.9932 1.6797 1.4345 1.2848 1.1237 1.2113 1.1915
1.6168 1.6194 1.7834 1.8984 1.7494 1.4946 1.1937 -2.0007 1.4113 1.2788
1.5898 1.5540 1.7084 1.8225 1.6512 1.3765 1.1989 1.2232 1.1943 1.2337
1.5986 1.6074 1.6696 1.6930 1.5869 1.4166 1.2865 1.2439 1.2220 1.2279
