-2.5004 -2.4989 -2.4760 -2.4346 -2.3818 -2.2962 -2.2391 -2.2529 -2.4420 -2.4447
-2.5020 -2.5203 -2.4945 -2.4460 -2.4145 -2.2677 -2.1683 -2.0776 -2.6284 -2.4474
-2.4851 -2.5119 -2.4553 -2.4220 -2.3713 -2.2790 -2.2358 -2.1694 -2.1060 -2.2691
-2.4413 -2.4722 -2.4260 -2.4651 -2.4394 -2.3703 -2.3359 -2.2640 -2.1678 -2.2538
-2.3666 -2.3821 -2.3639 -2.4701 -2.4351 -2.4271 -2.4257 -2.3383 -2.3059 -2.3246
-2.2765 -2.2745 -2.2905 -2.3546 -2.4038 -2.4771 -2.4880 -2.4603 -2.4474 -2.4142
-2.1884 -2.1570 -2.1847 -2.2538 -2.3484 -2.4424 -2.4911 -2.4673 -2.4898 -2.4705
-2.1318 -2.1429 -2.1350 -2.2302 -2.2936 -2.3561 -2.4632 -2.5130 -2.5387 -2.5076
-2.0640 -1.9943 -2.1699 -2.1522 -2.2870 -2.3920 -2.4430 -2.5152 -2.5232 -2.5134
-2.0660 -2.0679 -2.1436 -2.1929 -2.2830 -2.3691 -2.4321 -2.4844 -2.5057 -2.5096
