-0.7350 -0.7666 0.4260 0.8374 0.9276 0.8413 0.6381 0.2211 -0.7904 -0.7974
-0.7034 -1.9908 1.2071 1.1586 1.1040 0.9583 0.8520 0.8155 -1.7949 -0.8044
0.6155 1.4036 1.4183 1.2877 1.1465 1.0093 0.9143 0.7931 0.7382 0.1790
1.1463 1.4247 1.5723 1.4641 1.3051 1.1621 1.0529 0.9307 0.7763 0.6032
1.3987 1.5104 1.6034 1.5677 1.4267 1.2812 1.1491 1.0548 0.9348 0.8542
1.5395 1.6067 1.6544 1.6944 1.5530 1.3868 1.2910 1.2288 1.0715 1.0247
1.6130 1.6986 1.8760 2.0025 1.7040 1.4772 1.4389 1.3503 1.2319 1.1484
1.6010 1.6235 1.6665 1.8183 1.7834 1.6226 1.4963 1.3942 1.2276 1.1887
1.5664 1.5233 1.7353 1.7020 1.5820 1.4122 1.3904 1.3499 1.1685 1.1899
1.5749 1.5834 1.6519 1.6371 1.5574 1.4530 1.3895 1.3249 1.2354 1.2127
