-2.4578 -2.4713 -2.4750 -2.5131 -2.5376 -2.5283 -2.5028 -2.4860 -2.4803 -2.4651
-2.4442 -2.4812 -2.4406 -2.5267 -2.5714 -2.5445 -2.4942 -2.4749 -2.4898 -2.4499
-2.3937 -2.4049 -2.3401 -2.4221 -2.5140 -2.5112 -2.4027 -2.3868 -2.3976 -2.3947
-2.3318 -2.3231 -2.2626 -2.3270 -2.4327 -2.3968 -2.3320 -2.3283 -2.3323 -2.3368
-2.2787 -2.2708 -2.2145 -2.2781 -2.3108 -2.3115 -2.2763 -2.2494 -2.2932 -2.2833
-2.2336 -2.2129 -2.1469 -2.1591 -2.2208 -2.2622 -2.2108 -2.1680 -2.2096 -2.2199
-2.2092 -2.1786 -2.0711 -1.9907 -2.1510 -2.2232 -2.1466 -2.0931 -2.1562 -2.1668
-2.2154 -2.1970 -2.1529 -2.0816 -2.1694 -2.1587 -2.0801 -1.9964 -2.0716 -2.1243
-2.2400 -2.2662 -2.1958 -2.1515 -2.2129 -2.2042 -2.1451 -2.0843 -2.1448 -2.1344
-2.2383 -2.2366 -2.2052 -2.1831 -2.1928 -2.1824 -2.1501 -2.1228 -2.1339 -2.1342
