1.1643 1.2037 1.3102 1.4407 1.5657 1.7377 1.8899 1.9904 2.0141 2.0046
1.1248 1.1367 1.2861 1.4463 1.5188 1.7574 1.9417 2.0671 2.0474 1.9950
1.0734 1.1333 1.3300 1.4429 1.5509 1.6953 1.8308 1.8799 1.9601 1.9330
0.9621 0.9803 1.1292 1.2614 1.3517 1.5315 1.6549 1.7996 1.8712 1.8439
0.8325 0.8208 0.9634 1.0469 1.2488 1.4241 1.5522 1.7285 1.7239 1.7275
0.7147 0.7276 0.8052 0.9789 1.1726 1.3638 1.4745 1.5896 1.6158 1.6147
0.5840 0.8413 0.8980 0.8909 1.0989 1.2570 1.3755 1.4650 1.4648 1.5008
0.1960 0.9013 0.9341 1.0409 1.0752 1.1848 1.2626 1.3875 1.4079 1.4230
-0.8972 -2.0087 1.0306 0.9426 1.0894 1.2002 1.2124 1.2965 1.3230 1.3602
-0.8791 -0.8609 0.3051 0.7455 0.9887 1.1312 1.2046 1.2701 1.3093 1.3348
