-2.4991 -2.5023 -2.4795 -2.4572 -2.4685 -2.5129 -2.5658 -2.6074 -2.6304 -2.6442
-2.4959 -2.5282 -2.4791 -2.4237 -2.4354 -2.5043 -2.5772 -2.6261 -2.6395 -2.6581
-2.4603 -2.4729 -2.4233 -2.4338 -2.4130 -2.4541 -2.5643 -2.6359 -2.6961 -2.6905
-2.4121 -2.4369 -2.3925 -2.4366 -2.4011 -2.4861 -2.5975 -2.7265 -2.7424 -2.7173
-2.3391 -2.3511 -2.3322 -2.4321 -2.4285 -2.4918 -2.5997 -2.6771 -2.7439 -2.7191
-2.2541 -2.2482 -2.2504 -2.3393 -2.3891 -2.4528 -2.5388 -2.6424 -2.7259 -2.6961
-2.1751 -2.1619 -2.1832 -2.2857 -2.3356 -2.4119 -2.4584 -2.5612 -2.6537 -2.6432
-2.1092 -2.0981 -2.1200 -2.2322 -2.2559 -2.3184 -2.4256 -2.5016 -2.5429 -2.5799
-2.0543 -1.9986 -2.0959 -2.1821 -2.2728 -2.3731 -2.4284 -2.5054 -2.5436 -2.5537
-2.0550 -2.0558 -2.1138 -2.1896 -2.2728 -2.3562 -2.4226 -2.4831 -2.5214 -2.5376
