-2.4453 -2.4526 -2.4314 -2.4011 -2.3413 -2.2151 -2.0393 -1.7504 -1.1430 -1.1441
-2.4379 -2.4812 -2.4406 -2.4305 -2.4077 -2.2646 -2.1525 -2.0687 -0.5347 -1.1451
-2.3873 -2.4049 -2.3401 -2.4022 -2.3626 -2.2733 -2.2177 -2.1519 -2.0941 -1.7565
-2.3192 -2.3231 -2.2626 -2.3270 -2.4066 -2.3232 -2.3239 -2.2494 -2.1683 -2.0303
-2.2470 -2.2708 -2.2145 -2.2781 -2.2947 -2.2891 -2.2763 -2.2494 -2.2932 -2.1662
-2.1512 -2.2129 -2.1469 -2.1357 -2.2051 -2.2622 -2.2108 -2.1680 -2.2096 -2.1752
-1.9935 -2.1343 -2.0711 -1.9129 -2.1276 -2.2232 -2.1466 -2.0931 -2.1562 -2.1496
-1.6950 -2.1036 -2.1017 -2.0816 -2.1694 -2.1587 -2.0801 -1.9418 -2.0716 -2.1175
-0.9880 -0.2833 -2.0851 -2.1311 -2.2129 -2.2042 -2.1451 -2.0843 -2.1448 -2.1312
-0.9857 -0.9834 -1.6813 -1.9752 -2.1134 -2.1520 -2.1384 -2.1180 -2.1314 -2.1313
