-2.4826 -2.4832 -2.4608 -2.4150 -2.3561 -2.2649 -2.1842 -2.1107 -2.0606 -2.0620
-2.4819 -2.5063 -2.4843 -2.4280 -2.3883 -2.2545 -2.1769 -2.0874 -2.0090 -2.0635
-2.4569 -2.4784 -2.4295 -2.3950 -2.3543 -2.2616 -2.2263 -2.1556 -2.1052 -2.1193
-2.4105 -2.4427 -2.4017 -2.4421 -2.4104 -2.3509 -2.3259 -2.2479 -2.1546 -2.1894
-2.3319 -2.3456 -2.3334 -2.4381 -2.4073 -2.4057 -2.4110 -2.3197 -2.2909 -2.2942
-2.2396 -2.2328 -2.2493 -2.3226 -2.3751 -2.4537 -2.4639 -2.4422 -2.4550 -2.4023
-2.1539 -2.1134 -2.1478 -2.2281 -2.3167 -2.4102 -2.4566 -2.4536 -2.4716 -2.4578
-2.1089 -2.1175 -2.1039 -2.2017 -2.2534 -2.3175 -2.4238 -2.4922 -2.5394 -2.4994
-2.0553 -2.0030 -2.0943 -2.1277 -2.2434 -2.3391 -2.3969 -2.4822 -2.5102 -2.5009
-2.0540 -2.0528 -2.1013 -2.1568 -2.2414 -2.3239 -2.3913 -2.4530 -2.4855 -2.4932
