-2.4787 -2.4781 -2.4576 -2.4173 -2.3639 -2.2666 -2.1713 -2.0947 -2.0442 -2.0470
-2.4792 -2.4980 -2.4774 -2.4305 -2.4077 -2.2646 -2.1525 -2.0687 -1.9907 -2.0499
-2.4610 -2.4894 -2.4324 -2.4022 -2.3626 -2.2733 -2.2177 -2.1519 -2.0941 -2.1119
-2.4144 -2.4392 -2.3941 -2.4467 -2.4066 -2.3526 -2.3239 -2.2494 -2.1683 -2.1917
-2.3431 -2.3618 -2.3414 -2.4412 -2.4088 -2.4064 -2.4071 -2.3314 -2.2942 -2.2949
-2.2530 -2.2520 -2.2589 -2.3298 -2.3811 -2.4573 -2.4648 -2.4447 -2.4453 -2.3988
-2.1638 -2.1343 -2.1614 -2.2381 -2.3283 -2.4211 -2.4649 -2.4564 -2.4643 -2.4562
-2.1043 -2.1036 -2.1017 -2.2087 -2.2728 -2.3324 -2.4364 -2.5037 -2.5446 -2.5053
-2.0454 -1.9877 -2.0851 -2.1311 -2.2705 -2.3656 -2.4180 -2.4944 -2.5312 -2.5153
-2.0441 -2.0429 -2.0968 -2.1625 -2.2594 -2.3454 -2.4110 -2.4696 -2.5034 -2.5093
