0.7571 0.7657 0.8486 0.9441 1.0279 1.1067 1.1272 0.9965 0.5812 0.6061
0.7485 0.6914 0.8360 0.9556 1.0330 1.1650 1.2782 1.2811 0.1411 0.6309
0.7969 0.7263 0.8529 1.0023 1.1180 1.2912 1.3925 1.3692 1.3960 1.1455
0.9159 0.9364 1.0155 0.9000 0.9453 1.2722 1.4901 1.5294 1.5179 1.4095
1.0144 1.0387 1.1631 0.9475 1.0366 1.3623 1.5909 1.6724 1.6027 1.5652
1.0887 1.1497 1.2710 0.3377 0.8914 1.5493 1.6473 1.8344 1.7250 1.6833
1.1018 1.1742 1.2670 -1.7591 0.6419 1.6694 1.7802 1.9002 1.7843 1.7597
1.0425 1.2753 1.3704 1.4534 1.7658 1.7645 1.8360 2.0152 1.8775 1.8115
0.7504 0.4449 1.2484 1.3971 1.5360 1.7035 1.7432 1.8966 1.7836 1.7973
0.7638 0.7772 1.1229 1.3431 1.5093 1.6488 1.7336 1.8089 1.7965 1.7969
