-0.6796 -0.6908 -0.6977 -0.7477 -0.8205 -0.9228 -1.0448 -1.1585 -1.2382 -1.2304
-0.6685 -0.6950 -0.6546 -0.7249 -0.7911 -0.9031 -1.0530 -1.1925 -1.3256 -1.2226
-0.6308 -0.6483 -0.6021 -0.6357 -0.6789 -0.8126 -0.9466 -1.0070 -1.1173 -1.1118
-0.5757 -0.5984 -0.4861 -0.6021 -0.5961 -0.7088 -0.7806 -0.8776 -0.9745 -0.9955
-0.4979 -0.5105 -0.4146 -0.5343 -0.5475 -0.6457 -0.6910 -0.7830 -0.8722 -0.9001
-0.4074 -0.4002 -0.1947 -0.2440 -0.4140 -0.6353 -0.7012 -0.7456 -0.8133 -0.8327
-0.3242 -0.1830 0.0549 0.1671 -0.2292 -0.5575 -0.5718 -0.6330 -0.7571 -0.7846
-0.3821 -0.3735 -0.1868 0.0903 -0.1125 -0.4182 -0.5438 -0.6345 -0.7628 -0.7641
-0.4487 -0.5189 -0.3517 -0.1230 -0.3484 -0.5253 -0.6358 -0.6907 -0.7417 -0.7450
-0.4450 -0.4414 -0.3602 -0.2876 -0.3794 -0.5024 -0.6023 -0.6687 -0.7132 -0.7291
