-1.2615 -1.2620 -1.2138 -1.1474 -1.0773 -1.0025 -0.9326 -0.8764 -0.8642 -0.8473
-1.2610 -1.3107 -1.2321 -1.1510 -1.0821 -0.9976 -0.9189 -0.8323 -0.8689 -0.8303
-1.2108 -1.2380 -1.1444 -1.0896 -0.9983 -0.9264 -0.8058 -0.7070 -0.7835 -0.7748
-1.1335 -1.1477 -1.0595 -1.1510 -1.0701 -0.8725 -0.7246 -0.6631 -0.7241 -0.7106
-1.0418 -1.0249 -0.9470 -1.0525 -0.9159 -0.7690 -0.6377 -0.5755 -0.6327 -0.6329
-0.9671 -0.9601 -0.8720 -0.8557 -0.7718 -0.6499 -0.5138 -0.4784 -0.5685 -0.5554
-0.8994 -0.8791 -0.7863 -0.7266 -0.6659 -0.5326 -0.4182 -0.2961 -0.4373 -0.4647
-0.8521 -0.8065 -0.7083 -0.6509 -0.6326 -0.4850 -0.3303 -0.2040 -0.3192 -0.4013
-0.8503 -0.8605 -0.7986 -0.7146 -0.6706 -0.5659 -0.4208 -0.3867 -0.4344 -0.4202
-0.8382 -0.8262 -0.7797 -0.7144 -0.6489 -0.5617 -0.4705 -0.4288 -0.4293 -0.4247
