-1.1482 -1.1504 -1.1116 -1.0602 -0.9673 -0.8726 -0.7916 -0.7368 -0.7012 -0.6781
-1.1461 -1.1912 -1.1243 -1.1016 -0.9691 -0.8589 -0.7653 -0.7175 -0.6886 -0.6551
-1.0989 -1.1182 -1.0491 -1.0341 -0.8830 -0.7784 -0.6537 -0.6103 -0.6039 -0.5984
-1.0324 -1.0304 -0.9865 -1.0815 -1.0295 -0.7535 -0.5523 -0.4988 -0.5224 -0.5362
-0.9680 -0.9732 -0.9069 -0.9954 -0.8369 -0.6539 -0.5024 -0.4547 -0.4807 -0.4880
-0.8985 -0.9036 -0.8020 -0.7625 -0.6688 -0.5228 -0.4043 -0.3612 -0.4465 -0.4469
-0.8240 -0.7923 -0.6504 -0.5839 -0.5531 -0.4388 -0.3779 -0.3318 -0.3754 -0.4063
-0.7811 -0.7108 -0.5764 -0.6084 -0.5210 -0.4198 -0.3367 -0.1589 -0.3618 -0.3965
-0.8085 -0.8461 -0.7068 -0.6912 -0.5999 -0.4734 -0.3744 -0.3447 -0.4466 -0.4215
-0.7984 -0.7883 -0.7204 -0.6661 -0.5866 -0.4938 -0.4213 -0.3958 -0.4212 -0.4214
