1.3374 1.3703 1.4354 1.5144 1.6115 1.7085 1.8011 1.8569 1.8471 1.8211
1.3045 1.3381 1.4216 1.4963 1.6115 1.7129 1.8379 1.9224 1.8632 1.7952
1.2379 1.2653 1.3140 1.4152 1.5255 1.6106 1.7068 1.8311 1.7004 1.7013
1.1439 1.1436 1.2370 1.3156 1.3964 1.5074 1.6101 1.7011 1.6128 1.6083
1.0501 1.0499 1.1331 1.2270 1.3074 1.4124 1.5230 1.6019 1.5153 1.5108
0.9565 0.9506 1.0392 1.0817 1.1938 1.3120 1.4194 1.5105 1.4038 1.4088
0.8689 0.8614 0.9424 0.8667 1.0741 1.2210 1.3188 1.4007 1.3039 1.3118
0.7889 0.7671 0.8494 0.9386 1.0150 1.1053 1.2148 1.3161 1.2061 1.2228
0.7307 0.6748 0.7556 0.8353 0.9075 1.0155 1.0932 1.2039 1.0930 1.1505
0.7283 0.7260 0.7748 0.8426 0.9179 1.0034 1.0768 1.1338 1.1208 1.1356
