1.2732 1.2560 1.2542 1.1978 1.1182 1.0304 0.9439 0.8654 0.8049 0.8041
1.2905 1.2405 1.3088 1.2211 1.1264 1.0292 0.9357 0.8476 0.7451 0.8033
1.3576 1.3405 1.4118 1.3206 1.2369 1.1208 1.0230 0.9256 0.8409 0.8606
1.4419 1.4454 1.5153 1.4372 1.3344 1.2279 1.1355 1.0382 0.9314 0.9377
1.5227 1.5376 1.5966 1.5003 1.4249 1.3209 1.2072 1.1048 1.0176 1.0211
1.5886 1.6103 1.7172 1.6656 1.5440 1.4236 1.3359 1.2117 1.1081 1.1081
1.6327 1.7018 1.8142 1.9009 1.6618 1.4972 1.4216 1.3383 1.2208 1.1949
1.6077 1.6265 1.7204 1.8249 1.7053 1.5832 1.5050 1.4111 1.3255 1.2558
1.5638 1.5208 1.6163 1.7090 1.5968 1.5067 1.4245 1.3319 1.2237 1.2471
1.5630 1.5621 1.6026 1.6292 1.5761 1.5021 1.4235 1.3440 1.2765 1.2618
