1.2075 1.1701 1.1022 1.0149 0.9206 0.8260 0.7348 0.6583 0.6028 0.6019
1.2449 1.2005 1.1217 1.0220 0.9208 0.8226 0.7201 0.6373 0.5482 0.6011
1.3268 1.3030 1.2178 1.1179 1.0369 0.9277 0.8348 0.7211 0.6223 0.6531
1.4324 1.4335 1.3335 1.2318 1.1280 1.0238 0.9170 0.8182 0.7299 0.7358
1.5368 1.5542 1.4518 1.3533 1.2336 1.1223 1.0179 0.9156 0.8235 0.8244
1.6239 1.6227 1.5462 1.4440 1.3307 1.2141 1.1143 1.0147 0.9130 0.9139
1.7122 1.7162 1.6356 1.5455 1.4313 1.3176 1.2160 1.1113 1.0105 1.0042
1.7964 1.8260 1.7278 1.6253 1.5314 1.4239 1.3132 1.2112 1.1017 1.0883
1.8509 1.9064 1.8250 1.6983 1.6033 1.5150 1.4018 1.3027 1.1920 1.1591
1.8499 1.8489 1.7904 1.6973 1.6032 1.5090 1.4087 1.3154 1.2348 1.1969
