1.8421 1.8419 1.7854 1.6897 1.5957 1.5197 1.4613 1.3986 1.3315 1.2991
1.8423 1.8983 1.8245 1.6880 1.5776 1.5022 1.4656 1.4029 1.2969 1.2666
1.7864 1.8246 1.6943 1.6097 1.4792 1.4748 1.4095 1.3057 1.2271 1.2039
1.6924 1.6954 1.6080 1.4804 1.4430 1.3676 1.3107 1.2218 1.1260 1.1179
1.5954 1.6051 1.4553 1.4260 1.3288 1.2418 1.2320 1.1225 1.0408 1.0239
1.4887 1.4489 1.4238 1.3330 1.2045 1.0386 1.1316 1.0257 0.9079 0.9130
1.4218 1.4305 1.3349 1.2776 1.1176 0.9392 1.0336 0.9001 0.7923 0.8071
1.3463 1.3301 1.2630 1.1670 1.0490 0.9651 0.9199 0.8267 0.6955 0.7160
1.2869 1.2624 1.1535 1.0449 0.9251 0.8379 0.7874 0.6830 0.5775 0.6455
1.2521 1.2172 1.1371 1.0405 0.9394 0.8526 0.7805 0.7014 0.6407 0.6431
