-0.3740 -0.3735 -0.4476 -0.5067 -0.5455 -0.5881 -0.6110 -0.6498 -0.6875 -0.7157
-0.3744 -0.2990 -0.4626 -0.5270 -0.5417 -0.6079 -0.5950 -0.6508 -0.6970 -0.7439
-0.4503 -0.4442 -0.4781 -0.5217 -0.5568 -0.6130 -0.6313 -0.7082 -0.7962 -0.8191
-0.5324 -0.5385 -0.5415 -0.5411 -0.5875 -0.6941 -0.7150 -0.7967 -0.9047 -0.9173
-0.6084 -0.6147 -0.5977 -0.5878 -0.7325 -0.8609 -0.8523 -0.9324 -1.0330 -1.0280
-0.6779 -0.6828 -0.6957 -0.7506 -0.8938 -1.1648 -1.0051 -1.0626 -1.1421 -1.1336
-0.7427 -0.7490 -0.7496 -0.8251 -0.9274 -1.0428 -1.1691 -1.2003 -1.2602 -1.2308
-0.8010 -0.8163 -0.8338 -0.8806 -0.9477 -0.9708 -1.0372 -1.1779 -1.3148 -1.2987
-0.8441 -0.8730 -0.8562 -0.9243 -0.9593 -1.0321 -1.0989 -1.2972 -1.4095 -1.3506
-0.8583 -0.8725 -0.8862 -0.9299 -0.9793 -1.0486 -1.1345 -1.2560 -1.3363 -1.3434
