1.7915 1.8004 1.7099 1.6221 1.5928 1.6604 1.7242 1.8026 1.8370 1.8372
1.7826 1.8999 1.7070 1.5636 1.4960 1.6642 1.7097 1.8465 1.8711 1.8374
1.6565 1.6016 1.5465 1.5091 1.4389 1.5073 1.6646 1.7173 1.8538 1.8040
1.5853 1.5219 1.5153 1.4372 1.4095 1.4744 1.5314 1.6734 1.7206 1.7208
1.5774 1.5376 1.5966 1.5003 1.4797 1.4496 1.4206 1.5377 1.6697 1.6378
1.6095 1.6103 1.7172 1.6695 1.5596 1.4236 1.3359 1.4230 1.5025 1.5228
1.6407 1.7018 1.8142 1.9009 1.6658 1.4972 1.4216 1.3383 1.4154 1.4281
1.6108 1.6265 1.7204 1.8249 1.7053 1.5832 1.5050 1.4111 1.3255 1.3462
1.5651 1.5208 1.6163 1.7090 1.5968 1.5067 1.4245 1.3319 1.2237 1.2850
1.5638 1.5624 1.6027 1.6293 1.5763 1.5026 1.4249 1.3474 1.2854 1.2852
