1.2220 1.2479 1.3329 1.4276 1.5073 1.6015 1.6845 1.7709 1.8360 1.8365
1.1960 1.1890 1.3230 1.4428 1.4926 1.6127 1.6812 1.7922 1.9005 1.8371
1.1772 1.2026 1.2694 1.3933 1.4738 1.4844 1.6094 1.7132 1.7873 1.7743
1.1328 1.1524 1.2073 1.2764 1.3661 1.4350 1.5092 1.6306 1.7298 1.6986
1.0690 1.0860 1.1674 1.2089 1.2923 1.3802 1.4796 1.5212 1.5868 1.5915
0.9881 0.9783 1.0685 1.1169 1.2141 1.3139 1.3705 1.4592 1.4621 1.4893
0.9171 0.9032 0.9888 0.9760 1.1333 1.2415 1.2889 1.3819 1.4089 1.4142
0.8599 0.8519 0.9928 1.0298 1.1016 1.1576 1.2032 1.2983 1.3350 1.3444
0.8106 0.7548 0.8990 0.9847 1.0313 1.1203 1.1553 1.2316 1.2460 1.2839
0.8170 0.8235 0.8985 0.9732 1.0362 1.1042 1.1561 1.2088 1.2387 1.2613
