-1.1583 -1.1502 -1.0832 -1.0094 -0.9430 -0.8697 -0.8108 -0.7773 -0.7734 -0.7631
-1.1664 -1.2091 -1.0900 -1.0021 -0.9499 -0.8552 -0.7854 -0.7477 -0.7797 -0.7528
-1.1319 -1.1463 -1.0251 -0.9336 -0.8535 -0.7967 -0.7618 -0.6824 -0.7224 -0.7156
-1.0830 -1.1254 -1.0230 -1.0102 -0.9039 -0.7760 -0.7024 -0.6149 -0.7128 -0.6715
-0.9917 -1.0019 -0.8974 -1.0349 -0.8336 -0.7010 -0.6036 -0.4890 -0.5986 -0.5861
-0.8901 -0.8890 -0.7424 -0.7639 -0.6946 -0.5906 -0.5008 -0.3441 -0.4795 -0.4883
-0.7897 -0.7636 -0.6237 -0.5836 -0.5904 -0.4979 -0.3531 -0.2740 -0.3631 -0.3992
-0.7152 -0.6475 -0.5749 -0.6010 -0.5853 -0.4072 -0.2778 -0.1241 -0.2978 -0.3462
-0.7085 -0.7123 -0.6404 -0.6389 -0.6350 -0.5503 -0.4181 -0.2898 -0.3354 -0.3416
-0.6981 -0.6876 -0.6525 -0.6296 -0.5972 -0.5271 -0.4338 -0.3562 -0.3450 -0.3433
