1.8458 1.8480 1.7997 1.7268 1.6926 1.7395 1.8129 1.8614 1.8490 1.8223
1.8437 1.8983 1.8245 1.6880 1.6115 1.7129 1.8379 1.9224 1.8632 1.7957
1.7870 1.8246 1.6943 1.6097 1.5255 1.6106 1.7068 1.8311 1.7004 1.7015
1.6926 1.6954 1.6080 1.4804 1.4430 1.5266 1.6101 1.7011 1.6128 1.6084
1.5955 1.6051 1.4553 1.4260 1.4094 1.4427 1.5230 1.6019 1.5153 1.5108
1.4888 1.4489 1.4238 1.3633 1.3257 1.3120 1.4194 1.5105 1.4038 1.4088
1.4220 1.4305 1.3349 1.2776 1.2183 1.2210 1.3188 1.4007 1.3039 1.3119
1.3467 1.3301 1.2630 1.1670 1.0490 1.1053 1.2148 1.3161 1.2061 1.2230
1.2880 1.2624 1.1535 1.0449 0.9251 1.0155 1.0932 1.2039 1.0930 1.1510
1.2548 1.2216 1.1476 1.0677 1.0105 1.0388 1.0904 1.1391 1.1230 1.1370
