-0.4626 -0.4241 -0.3234 -0.2265 -0.1296 -0.0442 -0.0040 0.0130 0.0174 0.0096
-0.5011 -0.4862 -0.3197 -0.2266 -0.1180 0.0010 0.0192 0.0256 0.0296 0.0018
-0.5544 -0.5419 -0.4695 -0.2916 -0.2270 -0.1141 0.0006 0.0452 0.0107 -0.0338
-0.6202 -0.6405 -0.5482 -0.4728 -0.2744 -0.2080 -0.0913 -0.0067 -0.0907 -0.1138
-0.6657 -0.6462 -0.5981 -0.5591 -0.4407 -0.3520 -0.2189 -0.1259 -0.2018 -0.2169
-0.7307 -0.7298 -0.6945 -0.6412 -0.5772 -0.5405 -0.3591 -0.2685 -0.3285 -0.3351
-0.7967 -0.8425 -0.7905 -0.7339 -0.6865 -0.6973 -0.5437 -0.3316 -0.5222 -0.4600
-0.8168 -0.7989 -0.7531 -0.7301 -0.7378 -0.6535 -0.6053 -0.5590 -0.5350 -0.5227
-0.8549 -0.8963 -0.7895 -0.7383 -0.7252 -0.7184 -0.6337 -0.5298 -0.6128 -0.5732
-0.8516 -0.8483 -0.7969 -0.7530 -0.7239 -0.6935 -0.6383 -0.5876 -0.5948 -0.5840
