1.8505 1.8503 1.8006 1.7323 1.6748 1.6840 1.7262 1.7995 1.8554 1.8557
1.8506 1.8999 1.8192 1.7214 1.6082 1.6509 1.6951 1.8169 1.9110 1.8560
1.8015 1.8189 1.7195 1.6118 1.5172 1.5332 1.6825 1.7068 1.8251 1.8013
1.7349 1.7214 1.6123 1.5270 1.4355 1.4961 1.5498 1.6628 1.7246 1.7229
1.6819 1.6165 1.5966 1.5003 1.4911 1.4659 1.4528 1.5423 1.6687 1.6426
1.6943 1.6524 1.7172 1.6703 1.5629 1.4236 1.3359 1.4144 1.5249 1.5362
1.7485 1.7408 1.8142 1.9009 1.6666 1.4972 1.4216 1.3383 1.4063 1.4412
1.8106 1.8260 1.7308 1.8249 1.7053 1.5832 1.5050 1.4111 1.3255 1.3811
1.8571 1.9064 1.8250 1.7094 1.6149 1.5150 1.4245 1.4036 1.3663 1.3766
1.8545 1.8518 1.7946 1.7071 1.6172 1.5297 1.4568 1.4163 1.3883 1.3825
