1.7852 1.7935 1.6953 1.5854 1.4974 1.4242 1.3561 1.3062 1.2407 1.2076
1.7769 1.8999 1.7070 1.5636 1.4825 1.4191 1.3380 1.3218 1.2083 1.1745
1.6455 1.6016 1.5465 1.5091 1.4389 1.3717 1.3139 1.2063 1.1159 1.1076
1.5582 1.5219 1.4676 1.4141 1.4095 1.2982 1.2147 1.1141 1.0232 1.0325
1.5070 1.4968 1.4700 1.4009 1.2999 1.1971 1.1664 1.0606 0.9589 0.9666
1.4660 1.4898 1.4361 1.3302 1.1920 1.0240 1.1061 1.0141 0.9315 0.9084
1.4012 1.4216 1.3770 1.2919 1.1140 0.9202 1.0310 0.9301 0.8242 0.8272
1.3161 1.3217 1.2908 1.1733 1.0518 0.9157 0.8984 0.8361 0.7276 0.7489
1.2253 1.1697 1.1297 1.0475 0.9226 0.8191 0.8022 0.7304 0.6367 0.6920
1.1900 1.1547 1.1043 1.0285 0.9336 0.8499 0.7969 0.7386 0.6885 0.6902
