-0.1685 -0.1751 -0.2487 -0.3449 -0.4256 -0.4952 -0.5533 -0.6197 -0.6946 -0.7299
-0.1618 -0.1083 -0.2260 -0.3604 -0.4366 -0.5067 -0.5449 -0.6111 -0.7344 -0.7651
-0.2086 -0.1630 -0.3393 -0.4304 -0.5104 -0.5285 -0.5670 -0.6374 -0.7805 -0.8311
-0.3009 -0.3009 -0.3772 -0.4856 -0.5316 -0.6291 -0.6638 -0.7938 -0.9426 -0.9476
-0.3933 -0.3906 -0.4572 -0.4648 -0.6516 -0.7925 -0.7629 -0.9336 -1.0543 -1.0692
-0.4882 -0.5184 -0.5869 -0.6344 -0.8173 -1.1264 -0.9187 -1.0943 -1.2422 -1.2055
-0.5531 -0.5820 -0.6234 -0.6684 -0.8569 -1.1577 -1.1266 -1.2759 -1.3206 -1.3052
-0.5889 -0.5767 -0.6167 -0.6618 -0.7844 -0.9920 -1.1421 -1.2841 -1.4261 -1.3895
-0.6370 -0.6541 -0.7638 -0.8120 -1.0058 -1.1485 -1.2458 -1.3569 -1.4935 -1.4372
-0.6680 -0.6990 -0.7749 -0.8618 -0.9986 -1.1281 -1.2374 -1.3381 -1.4201 -1.4287
