-0.6361 -0.6057 -0.5451 -0.4761 -0.4119 -0.3338 -0.2512 -0.1504 -0.0048 -0.0073
-0.6665 -0.6358 -0.5535 -0.4714 -0.4257 -0.3383 -0.2693 -0.1953 0.1435 -0.0099
-0.7275 -0.7081 -0.6221 -0.5655 -0.4546 -0.4135 -0.3401 -0.2741 -0.2112 -0.1659
-0.8080 -0.8000 -0.7231 -0.6841 -0.5779 -0.4939 -0.4209 -0.3468 -0.3133 -0.2765
-0.8964 -0.8929 -0.8307 -0.7861 -0.6722 -0.5632 -0.4598 -0.4413 -0.3437 -0.3502
-0.9884 -1.0007 -0.9140 -0.8799 -0.7616 -0.6271 -0.5488 -0.4688 -0.4639 -0.4304
-1.0681 -1.0727 -0.9961 -1.0577 -0.8672 -0.7597 -0.6174 -0.5636 -0.4471 -0.4772
-1.1432 -1.1690 -1.0778 -0.9635 -0.8899 -0.8074 -0.7278 -0.6258 -0.5633 -0.5540
-1.1926 -1.2447 -1.1385 -1.0580 -0.9887 -0.8917 -0.8115 -0.7054 -0.6592 -0.6215
-1.1899 -1.1871 -1.1268 -1.0547 -0.9794 -0.8948 -0.8132 -0.7333 -0.6813 -0.6514
