-1.1553 -1.1471 -1.1130 -1.0655 -1.0140 -0.9639 -0.9037 -0.8516 -0.8532 -0.8390
-1.1635 -1.1730 -1.1263 -1.0695 -1.0126 -0.9740 -0.8956 -0.7979 -0.8689 -0.8248
-1.1621 -1.2080 -1.1117 -1.0681 -0.9818 -0.9200 -0.8058 -0.7070 -0.7835 -0.7665
-1.1148 -1.1477 -1.0595 -1.1212 -1.0620 -0.8592 -0.7024 -0.6149 -0.7128 -0.6911
-1.0347 -1.0249 -0.9470 -1.0349 -0.9027 -0.7523 -0.6036 -0.4890 -0.5986 -0.5940
-0.9644 -0.9601 -0.8720 -0.8488 -0.7616 -0.6435 -0.5008 -0.3441 -0.4795 -0.4923
-0.8984 -0.8791 -0.7863 -0.7266 -0.6515 -0.5326 -0.3531 -0.2961 -0.3631 -0.4034
-0.8516 -0.8065 -0.7083 -0.6509 -0.5853 -0.4072 -0.2778 -0.1241 -0.3159 -0.3548
-0.8499 -0.8605 -0.7986 -0.7146 -0.6642 -0.5388 -0.4069 -0.2898 -0.3354 -0.3452
-0.8376 -0.8254 -0.7779 -0.7097 -0.6367 -0.5362 -0.4331 -0.3562 -0.3457 -0.3455
