-0.6925 -0.7153 -0.7434 -0.8043 -0.8851 -0.9671 -1.0558 -1.1493 -1.2127 -1.2066
-0.6696 -0.7099 -0.7108 -0.7844 -0.8838 -0.9605 -1.0510 -1.1794 -1.2823 -1.2005
-0.6066 -0.6443 -0.5615 -0.6185 -0.7648 -0.9081 -0.9896 -1.0454 -1.1171 -1.1127
-0.5057 -0.5146 -0.3988 -0.4717 -0.6535 -0.7611 -0.8292 -0.9452 -1.0147 -1.0203
-0.3960 -0.3879 -0.2402 -0.4120 -0.5269 -0.6534 -0.7961 -0.8474 -0.9299 -0.9336
-0.2945 -0.2543 -0.1139 -0.2394 -0.3888 -0.5294 -0.6944 -0.7409 -0.8358 -0.8506
-0.2330 -0.1333 0.0224 -0.0427 -0.2596 -0.4273 -0.5462 -0.6428 -0.7386 -0.7825
-0.2713 -0.2488 -0.1414 -0.0444 -0.1796 -0.2804 -0.4206 -0.5327 -0.7230 -0.7582
-0.3321 -0.3893 -0.2770 -0.1715 -0.2786 -0.4150 -0.5344 -0.6843 -0.7977 -0.7690
-0.3357 -0.3392 -0.2927 -0.2620 -0.3217 -0.4245 -0.5368 -0.6515 -0.7335 -0.7513
