-1.2563 -1.2559 -1.2156 -1.1522 -1.0791 -0.9884 -0.9214 -0.8569 -0.8652 -0.8559
-1.2567 -1.2959 -1.2386 -1.1618 -1.0968 -0.9648 -0.9188 -0.7841 -0.8828 -0.8467
-1.2177 -1.2328 -1.1609 -1.0815 -0.9934 -0.9328 -0.8311 -0.7646 -0.8074 -0.8012
-1.1637 -1.1999 -1.0837 -1.2117 -1.0741 -0.8941 -0.7624 -0.7229 -0.7631 -0.7496
-1.0734 -1.0784 -1.0067 -1.1233 -0.9493 -0.8070 -0.7033 -0.6514 -0.7150 -0.6845
-0.9782 -0.9648 -0.8596 -0.8598 -0.7927 -0.6814 -0.5982 -0.4622 -0.5739 -0.5890
-0.8964 -0.8541 -0.7712 -0.6637 -0.6803 -0.6267 -0.4723 -0.3574 -0.4665 -0.5086
-0.8570 -0.8027 -0.6940 -0.6492 -0.6380 -0.4932 -0.3524 -0.2045 -0.3983 -0.4702
-0.8719 -0.8966 -0.8040 -0.7373 -0.6671 -0.6465 -0.5312 -0.4917 -0.5283 -0.5038
-0.8621 -0.8522 -0.7980 -0.7377 -0.6778 -0.6286 -0.5617 -0.5252 -0.5221 -0.5130
