-0.5248 -0.5123 -0.4791 -0.3655 -0.2339 -0.0896 -0.0018 0.0296 0.0377 0.0255
-0.5373 -0.5330 -0.5596 -0.3834 -0.2467 -0.0332 0.0546 0.0530 0.0579 0.0133
-0.5541 -0.5239 -0.5257 -0.5431 -0.2873 -0.2245 0.0345 0.0437 0.0366 -0.0434
-0.6010 -0.5830 -0.5204 -0.5181 -0.5749 -0.3574 -0.2063 0.0181 -0.1945 -0.1802
-0.6658 -0.6511 -0.6200 -0.5367 -0.5337 -0.4241 -0.2632 -0.2138 -0.2872 -0.3027
-0.7454 -0.7536 -0.6677 -0.6552 -0.5994 -0.5419 -0.4605 -0.3087 -0.5093 -0.4408
-0.8168 -0.8250 -0.7615 -0.8170 -0.6666 -0.6013 -0.6214 -0.5261 -0.5542 -0.5102
-0.8801 -0.8971 -0.7891 -0.7131 -0.6486 -0.6331 -0.6300 -0.5863 -0.5390 -0.5358
-0.9263 -0.9770 -0.8584 -0.7711 -0.7355 -0.6725 -0.5828 -0.5335 -0.5749 -0.5582
-0.9219 -0.9175 -0.8536 -0.7850 -0.7302 -0.6701 -0.6078 -0.5703 -0.5697 -0.5640
