1.2114 1.2497 1.3230 1.4165 1.5143 1.6304 1.7127 1.7981 1.8351 1.8360
1.1730 1.2148 1.3028 1.4121 1.4960 1.6642 1.7097 1.8465 1.8711 1.8369
1.0928 1.1241 1.2217 1.3111 1.4228 1.5073 1.6646 1.7173 1.8538 1.8037
0.9812 0.9836 1.1012 1.2120 1.3090 1.4140 1.5314 1.6734 1.7206 1.7202
0.8673 0.8485 0.9464 1.0165 1.1816 1.3084 1.4206 1.5377 1.6697 1.6364
0.7722 0.7427 0.8238 0.9360 1.0923 1.2175 1.3196 1.4230 1.5025 1.5194
0.7065 0.6818 0.7324 0.8114 1.0340 1.1489 1.2147 1.3170 1.4154 1.4192
0.6656 0.6555 0.7785 0.8845 1.0835 1.1596 1.1311 1.2144 1.3093 1.3228
0.6348 0.5935 0.7079 0.8142 0.9277 1.0483 1.1021 1.1403 1.1884 1.2399
0.6453 0.6558 0.7285 0.8218 0.9227 1.0187 1.0850 1.1341 1.1770 1.2084
