1.7104 1.7699 1.8924 2.0109 2.0780 2.1160 2.1424 2.1983 2.2516 2.2491
1.6509 1.7068 1.8965 2.0623 2.1070 2.1277 2.1129 2.2010 2.3073 2.2466
1.5356 1.5669 1.7611 1.9411 2.0221 2.0839 2.0701 2.1110 2.1915 2.1835
1.3889 1.4125 1.5853 1.7847 1.9234 1.9536 2.0054 2.0539 2.1286 2.1123
1.2186 1.2464 1.3485 1.5440 1.6782 1.8016 1.9453 1.9855 2.0335 2.0247
1.0204 0.9660 1.0844 1.2326 1.4439 1.6293 1.8270 1.9244 1.9796 1.9285
0.8766 0.8109 0.8658 0.8582 1.2356 1.4856 1.6675 1.7519 1.7478 1.7811
0.7984 0.7804 0.8110 1.0129 1.1547 1.3319 1.5011 1.6336 1.6446 1.6670
0.7384 0.6786 0.7355 0.9078 1.0362 1.1793 1.3309 1.4444 1.5259 1.5754
0.7380 0.7376 0.7962 0.9156 1.0428 1.1764 1.3072 1.4143 1.4912 1.5333
