-0.4076 -0.3481 -0.2256 -0.1071 -0.0400 -0.0019 0.0245 0.0804 0.1336 0.1311
-0.4670 -0.4111 -0.2215 -0.0557 -0.0110 0.0097 -0.0050 0.0830 0.1893 0.1286
-0.5824 -0.5511 -0.3569 -0.1769 -0.0958 -0.0341 -0.0479 -0.0070 0.0735 0.0655
-0.7291 -0.7055 -0.5327 -0.3332 -0.1946 -0.1644 -0.1125 -0.0641 0.0106 -0.0057
-0.8994 -0.8715 -0.7694 -0.5740 -0.4397 -0.3164 -0.1726 -0.1325 -0.0845 -0.0932
-1.0976 -1.1519 -1.0336 -0.8853 -0.6740 -0.4886 -0.2910 -0.1935 -0.1384 -0.1895
-1.2414 -1.3071 -1.2522 -1.2598 -0.8824 -0.6324 -0.4505 -0.3661 -0.3702 -0.3369
-1.3195 -1.3376 -1.3070 -1.1051 -0.9632 -0.7861 -0.6169 -0.4843 -0.4734 -0.4509
-1.3796 -1.4393 -1.3825 -1.2102 -1.0817 -0.9387 -0.7871 -0.6735 -0.5920 -0.5426
-1.3800 -1.3804 -1.3217 -1.2024 -1.0752 -0.9416 -0.8108 -0.7037 -0.6268 -0.5847
