-0.7732 -0.7930 -0.8082 -0.8599 -0.9474 -1.0634 -1.1782 -1.2606 -1.3099 -1.3167
-0.7534 -0.7976 -0.7716 -0.8242 -0.9188 -1.0646 -1.2107 -1.2937 -1.3524 -1.3234
-0.6893 -0.7005 -0.6610 -0.7511 -0.8494 -1.0904 -1.2210 -1.2643 -1.3260 -1.3013
-0.6140 -0.6005 -0.5780 -0.6675 -0.7634 -0.9804 -1.1467 -1.1960 -1.2509 -1.2544
-0.5523 -0.5307 -0.5029 -0.5695 -0.7249 -0.9212 -1.0753 -1.1366 -1.2056 -1.2110
-0.5121 -0.4963 -0.4199 -0.4542 -0.6458 -0.9041 -0.9910 -1.1022 -1.1562 -1.1731
-0.4879 -0.4390 -0.3223 -0.1816 -0.4998 -0.7678 -0.8920 -1.0630 -1.1609 -1.1521
-0.5125 -0.5283 -0.4298 -0.2780 -0.4039 -0.5198 -0.7543 -0.9473 -1.0922 -1.1224
-0.5212 -0.5290 -0.5311 -0.4034 -0.5595 -0.6143 -0.8914 -1.0583 -1.1439 -1.1229
-0.5223 -0.5233 -0.5186 -0.5013 -0.5819 -0.6850 -0.8587 -0.9997 -1.0820 -1.1025
