-0.3302 -0.3324 -0.3213 -0.3112 -0.3047 -0.3244 -0.3544 -0.4074 -0.4521 -0.4555
-0.3280 -0.3457 -0.3204 -0.3075 -0.2785 -0.3142 -0.3314 -0.4158 -0.4934 -0.4588
-0.3081 -0.2675 -0.3260 -0.3086 -0.2940 -0.3067 -0.2929 -0.3360 -0.4144 -0.4275
-0.3288 -0.3126 -0.3603 -0.2962 -0.2683 -0.2924 -0.2812 -0.3393 -0.3818 -0.4095
-0.3658 -0.3610 -0.3614 -0.2916 -0.3074 -0.3135 -0.2668 -0.3516 -0.4164 -0.4190
-0.4074 -0.4257 -0.4327 -0.3533 -0.3561 -0.3873 -0.3035 -0.3805 -0.4249 -0.4313
-0.4308 -0.4459 -0.3613 -0.3328 -0.3764 -0.4087 -0.3789 -0.4098 -0.4694 -0.4499
-0.4390 -0.4374 -0.4141 -0.3646 -0.4079 -0.4030 -0.4502 -0.3740 -0.4662 -0.4491
-0.4490 -0.4628 -0.4099 -0.3784 -0.3887 -0.4107 -0.3539 -0.3534 -0.4249 -0.4311
-0.4450 -0.4411 -0.4155 -0.3954 -0.3923 -0.3927 -0.3751 -0.3787 -0.4077 -0.4194
