-0.5819 -0.5491 -0.4809 -0.3799 -0.2146 -0.1394 -0.1078 -0.0706 -0.0836 -0.0981
-0.6147 -0.5844 -0.5138 -0.4441 -0.1245 -0.0957 -0.1134 -0.0203 -0.0822 -0.1125
-0.6779 -0.6801 -0.5695 -0.4794 -0.4032 -0.1050 -0.0838 -0.0879 -0.1045 -0.1573
-0.7390 -0.7361 -0.6570 -0.5960 -0.5128 -0.2965 -0.1196 -0.1027 -0.2409 -0.2548
-0.8028 -0.8173 -0.6592 -0.6161 -0.5590 -0.4488 -0.3379 -0.1987 -0.3734 -0.3662
-0.8523 -0.8289 -0.7277 -0.7267 -0.6582 -0.6018 -0.4587 -0.3768 -0.4747 -0.4703
-0.9252 -0.9203 -0.8454 -0.9050 -0.7452 -0.6521 -0.5740 -0.5292 -0.5901 -0.5701
-1.0029 -1.0172 -0.9249 -0.8087 -0.7656 -0.6992 -0.7056 -0.6247 -0.6795 -0.6498
-1.0662 -1.1299 -1.0032 -0.9507 -0.8542 -0.7382 -0.6869 -0.6736 -0.7408 -0.6998
-1.0660 -1.0657 -1.0013 -0.9351 -0.8533 -0.7707 -0.7205 -0.7040 -0.7179 -0.7088
