-0.8641 -0.8846 -0.9128 -0.9687 -1.0393 -1.1226 -1.2228 -1.3126 -1.3699 -1.3818
-0.8435 -0.8770 -0.8851 -0.9540 -1.0267 -1.1056 -1.2333 -1.3452 -1.4152 -1.3938
-0.7895 -0.8081 -0.8385 -0.8832 -0.9599 -1.1003 -1.2459 -1.3327 -1.4024 -1.3844
-0.7169 -0.7102 -0.7613 -0.8240 -0.9027 -1.0855 -1.2710 -1.2981 -1.3648 -1.3569
-0.6511 -0.6402 -0.6891 -0.7572 -0.9033 -1.0678 -1.1989 -1.2464 -1.3378 -1.3215
-0.5963 -0.5895 -0.6437 -0.7374 -0.8853 -1.0837 -1.1315 -1.2280 -1.2876 -1.2699
-0.5484 -0.5487 -0.6058 -0.6633 -0.8169 -0.9593 -1.0376 -1.1508 -1.2209 -1.2007
-0.5001 -0.4956 -0.5724 -0.6713 -0.7596 -0.8386 -0.9026 -0.9633 -1.0874 -1.1112
-0.4563 -0.4043 -0.5363 -0.6466 -0.7307 -0.7903 -0.8620 -0.9159 -1.0120 -1.0455
-0.4644 -0.4726 -0.5490 -0.6382 -0.7191 -0.7885 -0.8561 -0.9177 -0.9810 -1.0132
