1.3858 1.3477 1.2947 1.2072 1.0871 0.9509 0.8220 0.7448 0.6795 0.6850
1.4239 1.3626 1.3291 1.2398 1.1032 0.9436 0.7703 0.7330 0.6088 0.6904
1.5233 1.5223 1.4366 1.3412 1.2448 1.0899 0.9292 0.8455 0.7569 0.7775
1.6237 1.6320 1.5513 1.3918 1.3213 1.2082 1.1056 0.9872 0.8890 0.8852
1.7160 1.7564 1.6899 1.5018 1.4186 1.3161 1.2527 1.1157 1.0000 0.9890
1.7677 1.7868 1.7841 1.6624 1.5353 1.3848 1.2759 1.1845 1.0870 1.0818
1.8005 1.7961 1.8128 1.8285 1.6752 1.5389 1.4259 1.3159 1.1873 1.1695
1.8376 1.8488 1.8104 1.8484 1.7982 1.7242 1.5679 1.3692 1.2632 1.2392
1.8635 1.8880 1.8420 1.8348 1.8410 1.7946 1.7163 1.5001 1.2854 1.2851
1.8649 1.8663 1.8460 1.8298 1.8085 1.7547 1.6612 1.5125 1.3762 1.3306
