-0.2544 -0.2548 -0.3096 -0.3928 -0.4899 -0.5848 -0.6785 -0.7663 -0.8480 -0.8855
-0.2540 -0.2005 -0.2811 -0.3790 -0.4921 -0.5861 -0.6845 -0.7725 -0.8921 -0.9231
-0.3072 -0.2815 -0.3808 -0.4886 -0.5832 -0.6837 -0.7758 -0.8940 -0.9845 -0.9917
-0.3861 -0.3789 -0.4881 -0.5733 -0.6649 -0.7811 -0.8857 -0.9863 -1.0772 -1.0675
-0.4723 -0.4838 -0.5305 -0.6304 -0.7686 -0.8900 -0.9339 -1.0397 -1.1414 -1.1336
-0.5468 -0.5333 -0.5915 -0.7299 -0.8891 -1.0764 -0.9942 -1.0862 -1.1689 -1.1919
-0.6350 -0.5987 -0.6949 -0.8084 -0.9816 -1.1802 -1.0694 -1.1702 -1.2761 -1.2731
-0.7594 -0.7786 -0.8095 -0.9270 -1.0486 -1.1847 -1.2020 -1.2642 -1.3727 -1.3514
-0.8647 -0.9306 -0.9707 -1.0529 -1.1778 -1.2813 -1.2981 -1.3700 -1.4636 -1.4084
-0.9039 -0.9432 -0.9951 -1.0715 -1.1666 -1.2504 -1.3034 -1.3617 -1.4118 -1.4101
