-0.8810 -0.9184 -0.9862 -1.0735 -1.1679 -1.2624 -1.3536 -1.4301 -1.4856 -1.4865
-0.8435 -0.8880 -0.9668 -1.0665 -1.1676 -1.2658 -1.3683 -1.4511 -1.5403 -1.4874
-0.7617 -0.7854 -0.8706 -0.9706 -1.0515 -1.1608 -1.2537 -1.3674 -1.4661 -1.4354
-0.6561 -0.6549 -0.7549 -0.8566 -0.9605 -1.0647 -1.1714 -1.2702 -1.3585 -1.3526
-0.5516 -0.5343 -0.6367 -0.7351 -0.8549 -0.9661 -1.0706 -1.1729 -1.2649 -1.2641
-0.4646 -0.4658 -0.5423 -0.6445 -0.7577 -0.8743 -0.9741 -1.0738 -1.1755 -1.1746
-0.3763 -0.3722 -0.4529 -0.5429 -0.6571 -0.7709 -0.8724 -0.9771 -1.0780 -1.0842
-0.2921 -0.2624 -0.3606 -0.4631 -0.5570 -0.6645 -0.7753 -0.8773 -0.9868 -1.0001
-0.2376 -0.1821 -0.2635 -0.3902 -0.4852 -0.5734 -0.6866 -0.7857 -0.8964 -0.9294
-0.2386 -0.2396 -0.2981 -0.3912 -0.4853 -0.5795 -0.6797 -0.7730 -0.8537 -0.8915
