-0.8795 -0.9169 -0.9854 -1.0727 -1.1661 -1.2580 -1.3420 -1.3998 -1.4537 -1.4492
-0.8421 -0.8857 -0.9668 -1.0665 -1.1676 -1.2658 -1.3683 -1.4036 -1.5120 -1.4447
-0.7612 -0.7854 -0.8706 -0.9706 -1.0515 -1.1608 -1.2537 -1.3653 -1.3995 -1.3729
-0.6559 -0.6549 -0.7549 -0.8566 -0.9557 -1.0588 -1.1584 -1.2117 -1.2799 -1.2744
-0.5516 -0.5343 -0.6367 -0.7351 -0.8510 -0.9603 -1.0706 -1.0884 -1.1323 -1.1704
-0.4645 -0.4658 -0.5423 -0.6433 -0.7528 -0.8609 -0.9741 -1.0354 -1.1111 -1.1044
-0.3763 -0.3722 -0.4529 -0.5429 -0.6559 -0.7709 -0.8724 -0.9669 -1.0268 -1.0318
-0.2921 -0.2624 -0.3606 -0.4631 -0.5570 -0.6645 -0.7753 -0.8656 -0.9465 -0.9642
-0.2376 -0.1821 -0.2635 -0.3902 -0.4852 -0.5734 -0.6804 -0.7857 -0.8964 -0.9142
-0.2386 -0.2395 -0.2980 -0.3910 -0.4848 -0.5782 -0.6764 -0.7706 -0.8496 -0.8819
