-0.8267 -0.8439 -0.8457 -0.9021 -0.9817 -1.0695 -1.1560 -1.2345 -1.2950 -1.2958
-0.8094 -0.8594 -0.7911 -0.8788 -0.9735 -1.0707 -1.1642 -1.2524 -1.3548 -1.2966
-0.7423 -0.7594 -0.6881 -0.7793 -0.8630 -0.9791 -1.0769 -1.1743 -1.2590 -1.2393
-0.6580 -0.6545 -0.5846 -0.6627 -0.7655 -0.8720 -0.9644 -1.0617 -1.1685 -1.1622
-0.5772 -0.5623 -0.5033 -0.5996 -0.6750 -0.7790 -0.8927 -0.9951 -1.0823 -1.0788
-0.5114 -0.4896 -0.3828 -0.4343 -0.5559 -0.6763 -0.7640 -0.8882 -0.9918 -0.9919
-0.4673 -0.3982 -0.2857 -0.1990 -0.4381 -0.6027 -0.6783 -0.7616 -0.8791 -0.9050
-0.4923 -0.4734 -0.3795 -0.2750 -0.3946 -0.5167 -0.5949 -0.6888 -0.7744 -0.8441
-0.5361 -0.5791 -0.4836 -0.3909 -0.5031 -0.5932 -0.6754 -0.7680 -0.8762 -0.8528
-0.5369 -0.5378 -0.4973 -0.4707 -0.5238 -0.5978 -0.6764 -0.7559 -0.8234 -0.8381
