1.8459 1.8455 1.7908 1.7075 1.6104 1.5155 1.4218 1.3340 1.2524 1.2148
1.8463 1.8999 1.8192 1.7214 1.6082 1.5143 1.4159 1.3279 1.2083 1.1773
1.7931 1.8189 1.7195 1.6118 1.5172 1.4166 1.3246 1.2063 1.1159 1.1087
1.7142 1.7214 1.6123 1.5270 1.4355 1.3193 1.2147 1.1141 1.0232 1.0329
1.6281 1.6165 1.5699 1.4699 1.3318 1.2104 1.1664 1.0606 0.9589 0.9667
1.5535 1.5671 1.5089 1.3705 1.2113 1.0240 1.1061 1.0141 0.9315 0.9085
1.4654 1.5017 1.4055 1.2919 1.1188 0.9202 1.0310 0.9301 0.8242 0.8272
1.3409 1.3217 1.2908 1.1733 1.0518 0.9157 0.8984 0.8361 0.7276 0.7489
1.2357 1.1697 1.1297 1.0475 0.9226 0.8191 0.8022 0.7304 0.6367 0.6920
1.1964 1.1571 1.1052 1.0288 0.9338 0.8499 0.7969 0.7386 0.6885 0.6902
