1.6574 1.7115 1.8320 1.9497 2.0165 2.0545 2.0809 2.1368 2.1902 2.1882
1.6032 1.6452 1.8348 2.0006 2.0454 2.0661 2.0513 2.1393 2.2456 2.1861
1.5071 1.5052 1.6994 1.8794 1.9605 2.0222 2.0084 2.0493 2.1299 2.1245
1.4128 1.3873 1.5236 1.7231 1.8617 1.8955 1.9438 1.9922 2.0669 2.0577
1.3441 1.3061 1.4642 1.5039 1.6709 1.7544 1.8837 1.9238 1.9719 1.9816
1.3133 1.2945 1.3957 1.4719 1.5634 1.5677 1.7653 1.8628 1.9179 1.9151
1.3013 1.2722 1.3650 1.4248 1.5433 1.6187 1.7982 1.8552 1.7883 1.8459
1.3184 1.3448 1.4431 1.5005 1.5661 1.7441 1.8735 2.0273 1.8354 1.8344
1.3092 1.2908 1.3527 1.4368 1.4808 1.6010 1.7332 1.8615 1.8160 1.8218
1.3184 1.3275 1.3733 1.4398 1.5093 1.6072 1.7114 1.7937 1.8082 1.8150
