1.1600 1.1976 1.2883 1.3910 1.4980 1.6164 1.7004 1.7895 1.8512 1.8530
1.1224 1.1446 1.2762 1.3867 1.4867 1.6509 1.6951 1.8169 1.9110 1.8548
1.0626 1.0581 1.1579 1.3104 1.4275 1.5332 1.6825 1.7068 1.8251 1.8003
1.0073 1.0072 1.0924 1.1597 1.3151 1.4269 1.5498 1.6628 1.7246 1.7210
0.9521 0.9434 1.0145 1.1104 1.2048 1.3096 1.4528 1.5423 1.6687 1.6380
0.9055 0.9214 0.9509 0.9873 1.0840 1.1537 1.3212 1.4144 1.5249 1.5244
0.8430 0.8469 0.8717 0.8039 0.9904 1.1002 1.1665 1.3033 1.4063 1.4101
0.7766 0.7706 0.8053 0.8592 0.9734 1.0421 1.0852 1.1991 1.2833 1.2997
0.7161 0.6570 0.7527 0.8510 0.9055 0.9248 1.0081 1.1193 1.1469 1.2058
0.7147 0.7133 0.7682 0.8385 0.8964 0.9452 1.0144 1.0899 1.1359 1.1708
