-1.2615 -1.2620 -1.2138 -1.1474 -1.0773 -1.0025 -0.9325 -0.8761 -0.8635 -0.8453
-1.2610 -1.3107 -1.2321 -1.1510 -1.0821 -0.9976 -0.9189 -0.8323 -0.8689 -0.8272
-1.2108 -1.2380 -1.1444 -1.0896 -0.9983 -0.9264 -0.8058 -0.7070 -0.7835 -0.7674
-1.1335 -1.1477 -1.0595 -1.1510 -1.0701 -0.8637 -0.7024 -0.6149 -0.7128 -0.6914
-1.0418 -1.0249 -0.9470 -1.0349 -0.9063 -0.7559 -0.6036 -0.4890 -0.5986 -0.5941
-0.9671 -0.9601 -0.8720 -0.8495 -0.7645 -0.6499 -0.5008 -0.3441 -0.4795 -0.4924
-0.8994 -0.8791 -0.7863 -0.7266 -0.6522 -0.5326 -0.3531 -0.2961 -0.3631 -0.4035
-0.8520 -0.8065 -0.7083 -0.6509 -0.5853 -0.4072 -0.2778 -0.1241 -0.3159 -0.3550
-0.8502 -0.8605 -0.7986 -0.7146 -0.6706 -0.5503 -0.4181 -0.2898 -0.3354 -0.3455
-0.8380 -0.8257 -0.7788 -0.7119 -0.6423 -0.5444 -0.4405 -0.3591 -0.3469 -0.3462
