-0.5915 -0.5632 -0.5099 -0.4305 -0.3375 -0.2468 -0.2035 -0.1938 -0.1784 -0.1880
-0.6199 -0.5882 -0.5359 -0.4441 -0.3352 -0.1995 -0.1699 -0.1995 -0.1534 -0.1975
-0.6800 -0.6801 -0.5695 -0.5185 -0.4032 -0.2804 -0.2125 -0.1754 -0.2444 -0.2512
-0.7399 -0.7361 -0.6570 -0.5983 -0.5128 -0.3834 -0.2664 -0.2281 -0.2949 -0.3118
-0.8037 -0.8173 -0.6592 -0.6195 -0.5731 -0.4740 -0.3379 -0.2987 -0.3734 -0.3892
-0.8538 -0.8289 -0.7277 -0.7532 -0.6860 -0.6018 -0.4587 -0.3768 -0.4747 -0.4823
-0.9290 -0.9203 -0.8454 -0.9796 -0.8159 -0.7100 -0.5740 -0.5292 -0.5901 -0.5830
-1.0127 -1.0360 -0.9673 -0.9298 -0.8878 -0.7938 -0.7101 -0.6247 -0.7103 -0.6767
-1.0732 -1.1299 -1.0320 -1.0048 -0.9453 -0.8748 -0.7975 -0.7318 -0.7810 -0.7367
-1.0769 -1.0806 -1.0351 -0.9926 -0.9379 -0.8760 -0.8151 -0.7718 -0.7684 -0.7526
