1.8477 1.8462 1.7910 1.7076 1.6105 1.5156 1.4220 1.3346 1.2539 1.2189
1.8493 1.8999 1.8192 1.7214 1.6082 1.5143 1.4159 1.3279 1.2083 1.1839
1.8001 1.8189 1.7195 1.6118 1.5172 1.4166 1.3246 1.2063 1.1159 1.1244
1.7322 1.7214 1.6123 1.5270 1.4355 1.3574 1.2147 1.1141 1.0232 1.0735
1.6752 1.6165 1.5966 1.5003 1.4634 1.3629 1.2072 1.1048 1.0176 1.0730
1.6768 1.6227 1.7172 1.6683 1.5550 1.4236 1.3359 1.2117 1.1081 1.1279
1.7324 1.7162 1.8142 1.9009 1.6646 1.4972 1.4216 1.3383 1.2208 1.2025
1.8043 1.8260 1.7278 1.8249 1.7053 1.5832 1.5050 1.4111 1.3255 1.2588
1.8544 1.9064 1.8250 1.7090 1.6033 1.5150 1.4245 1.3319 1.2237 1.2486
1.8525 1.8506 1.7930 1.7034 1.6081 1.5175 1.4295 1.3464 1.2777 1.2631
