1.2825 1.2590 1.2300 1.1979 1.1591 1.1105 1.0472 0.9900 0.9341 0.9335
1.3060 1.2644 1.2332 1.2046 1.1689 1.1252 1.0411 0.9886 0.8789 0.9329
1.3712 1.3553 1.3005 1.2689 1.2177 1.1621 1.1230 1.0637 0.9707 0.9863
1.4523 1.4356 1.3790 1.3360 1.2527 1.2286 1.1992 1.1360 1.0487 1.0552
1.5501 1.5542 1.4726 1.3903 1.3372 1.3005 1.2897 1.2315 1.1521 1.1306
1.6439 1.6524 1.5462 1.4718 1.4052 1.3466 1.2869 1.2343 1.1854 1.1846
1.7293 1.7408 1.6356 1.5455 1.4651 1.3783 1.3697 1.2868 1.2458 1.2379
1.8031 1.8260 1.7308 1.6253 1.5314 1.4333 1.3635 1.3448 1.2765 1.2832
1.8540 1.9064 1.8250 1.7094 1.6149 1.5150 1.4096 1.4036 1.3663 1.3353
1.8525 1.8510 1.7942 1.7065 1.6160 1.5266 1.4487 1.4100 1.3776 1.3564
