0.9143 0.9138 0.9620 1.0285 1.0986 1.1734 1.2434 1.2998 1.3124 1.3305
0.9148 0.8651 0.9438 1.0249 1.0938 1.1783 1.2570 1.3436 1.3069 1.3487
0.9651 0.9379 1.0315 1.0863 1.1775 1.2495 1.3701 1.4689 1.3924 1.4085
1.0424 1.0282 1.1163 1.0249 1.1058 1.3122 1.4735 1.5610 1.4631 1.4844
1.1341 1.1510 1.2289 1.1410 1.2695 1.4200 1.5723 1.6869 1.5772 1.5817
1.2088 1.2158 1.3039 1.3264 1.4114 1.5260 1.6751 1.8318 1.6964 1.6835
1.2765 1.2968 1.3895 1.4493 1.5237 1.6433 1.8228 1.8798 1.8128 1.7724
1.3238 1.3693 1.4676 1.5250 1.5906 1.7687 1.8981 2.0518 1.8600 1.8209
1.3257 1.3154 1.3772 1.4613 1.5053 1.6256 1.7578 1.8861 1.8405 1.8304
1.3379 1.3501 1.3971 1.4640 1.5336 1.6315 1.7354 1.8168 1.8290 1.8297
