1.5458 1.5741 1.6274 1.7068 1.7998 1.8904 1.9338 1.9435 1.9589 1.9493
1.5174 1.5491 1.6014 1.6932 1.8021 1.9378 1.9674 1.9378 1.9839 1.9398
1.4573 1.4572 1.5678 1.6188 1.7341 1.8569 1.9248 1.9619 1.8929 1.8861
1.3974 1.4012 1.4803 1.5390 1.6245 1.7539 1.8709 1.9092 1.8424 1.8255
1.3336 1.3200 1.4781 1.5178 1.5642 1.6633 1.7994 1.8386 1.7638 1.7481
1.2835 1.3084 1.4096 1.3841 1.4513 1.5355 1.6786 1.7605 1.6626 1.6550
1.2083 1.2170 1.2919 1.1577 1.3214 1.4273 1.5633 1.6081 1.5472 1.5543
1.1246 1.1013 1.1700 1.2075 1.2495 1.3435 1.4272 1.5126 1.4270 1.4606
1.0641 1.0074 1.1053 1.1325 1.1920 1.2625 1.3398 1.4055 1.3563 1.4005
1.0604 1.0567 1.1022 1.1447 1.1994 1.2613 1.3222 1.3655 1.3688 1.3847
