1.2733 1.2742 1.3324 1.4200 1.5156 1.6309 1.7129 1.7982 1.8351 1.8360
1.2723 1.2171 1.3028 1.4121 1.4960 1.6642 1.7097 1.8465 1.8711 1.8370
1.3266 1.2936 1.2217 1.3111 1.4228 1.5073 1.6646 1.7173 1.8538 1.8038
1.4138 1.4028 1.3180 1.2355 1.3090 1.4258 1.5314 1.6734 1.7206 1.7205
1.5120 1.5194 1.4249 1.3087 1.3338 1.3555 1.4206 1.5377 1.6697 1.6370
1.6029 1.6023 1.5254 1.4354 1.3621 1.2419 1.3196 1.4230 1.5025 1.5210
1.6942 1.7014 1.6119 1.5453 1.4373 1.3164 1.2198 1.3170 1.4154 1.4234
1.7784 1.7990 1.7096 1.6034 1.5254 1.4276 1.3193 1.2372 1.3093 1.3339
1.8419 1.9057 1.7949 1.7020 1.6028 1.5108 1.4224 1.3033 1.2044 1.2689
1.8416 1.8413 1.7767 1.6939 1.6028 1.5118 1.4217 1.3310 1.2679 1.2684
